383
17354
46142
33349
23538
1456
4627
46252
50961
21711
5639
1267
7635
14995
32258
42567
16375
38321
37058
31735
42491
56081
2975
19219
48050
13364
15914
41955
42691
51831
38586
22535
15686
1816
23341
23264
39904
23541
53318
55905
1202
39109
51941
6889
11273
52921
5712
33200
55472
40649
47933
13888
19133
25713
9495
3574
45764
30118
54090
7037
28224
20741
6849
13531
38336
45293
8045
29465
27577
41408
26052
56139
26507
38151
51374
48216
36218
7013
31643
6534
46707
28455
927
41808
44207
47687
42022
18973
36116
29459
34289
16198
27820
39127
5491
6012
5412
46285
34485
49278
12218
11274
38172
22700
44639
46406
13793
49178
8002
3674
21827
30054
32076
35578
11854
49142
52342
33497
31043
40707
54340
22455
36062
36112
31147
22233
10767
33442
51012
11259
1138
39518
32732
39520
26603
38900
43928
26603
38882
45260
27689
10409
35221
19055
35912
26823
43511
50764
44086
12384
23263
47306
20681
53708
23517
12316
11587
55152
841
32516
28278
1120
352
9576
8612
34968
17377
17374
27058
14247
7643
49371
19195
34167
27149
50609
17273
17757
18243
22626
46857
7579
53696
55683
18124
49899
21865
4763
43339
6174
9389
47128
47433
19482
43426
12338
9613
19771
8416
35904
29831
44370
31766
718
27725
30974
36911
3711
16238
2310
11822
10452
54297
20342
46606
51488
2705
32447
23473
46042
49318
51740
30786
38410
14640
1893
42416
19894
10093
26704
36979
22201
8241
22050
21247
32003
37485
32831
24987
25193
48646
5073
46029
50575
34613
32911
32184
24587
28509
27997
34640
22479
23173
12241
22417
54269
33152
49013
51410
32294
27396
46545
47169
47103
48657
825
19411
50532
52358
28585
5714
17660
30739
9549
52707
32737
10089
2864
14189
26593
51417
39566
38236
15651
7833
21837
33404
29022
5075
42345
51462
41014
18804
10928
26020
22537
22272
29913
20116
45826
17769
40937
49927
6877
3062
15364
22208
8614
17714
1579
20925
36557
5802
41282
50319
9869
42628
25758
41218
35230
22303
48312
28367
14671
56009
14156
15182
15999
7532
620
15537
3827
6932
24726
13314
35405
36229
26485
53393
18475
38214
11701
29203
36006
39768
22696
27791
49348
28772
37030
24273
12223
9432
54943
7385
33154
6942
5590
51528
15750
14512
11683
5379
44871
20987
18187
18213
14363
1415
13353
9332
54997
12162
3667
21576
25723
54749
55290
8200
47377
35064
11845
14111
36012
