100
289384 130887 92778
236916 147794 238336
285387 160493 116650
41422 2363 90028
168691 120060 97764
313927 380541 383427
89173 255737 205212
395369 302568 156430
65783 221531 322863
65124 374068 303136
313930 379803 34023
123059 333070 298168
361394 218457 175012
78043 376230 177374
284422 144920 13785
98538 175199 394325
198316 264371 366414
3527 376092 268981
159957 41874 206863
199171 106997 297282
102306 20926 277085
136328 260337 326506
150847 221730 261314
325858 16125 353896
219583 300546 98815
233368 115435 390365
344044 313751 371088
26809 317277 347179
295789 193585 105404
102652 392755 212400
399933 95061 349677
393369 347740 210013
36227 98587 148095
297540 140796 280571
251435 360379 297468
66602 310098 12903
173318 370493 326653
260757 397302 360281
324287 9442 153866
29690 228445 146620
358441 344730 358032
308118 338098 305772
234482 90676 120710
98928 104568 377857
379498 72354 54587
276966 255307 364684
6220 28625 51529
332872 5733 48830
9504 330020 58271
163369 359709 286716
26341 318150 347797
100724 342619 2246
122847 293452 92922
243556 392380 197489
337765 88229 269842
392351 365194 241501
357035 87765 270125
124915 136988 275857
173744 146492 322228
348366 309860 281937
351433 52552 316438
299229 153276 375408
301475 276122 268859
394396 236030 261238
308236 173794 65819
294429 166144 31012
135929 239530 118777
122405 364444 255764
114614 254539 118607
36841 202905 144819
35129 270689 197370
67918 169918 66997
43325 187744 59471
312184 298491 295500
289773 206726 185645
355591 217506 68140
102955 69787 307670
338083 308543 388465
310198 139508 359356
28805 176349 278612
173623 327829 149300
87344 395747 35569
154341 155423 223312
213811 67606 121802
225662 73731 44879
11306 29321 378737
79445 248627 48523
103466 186709 73417
208283 213259 212925
167638 242063 105625
162601 132037 33453
311900 219380 145551
347469 90072 300974
287132 303882 84931
8934 245895 158661
170164 257200 187982
148900 52997 152960
313774 272814 339669
387191 81096 152927
316467 365085 111341
