9383
17 28 16
24 26 37
13 10 22
3 8 3
20 24 27
1 7 3
17 12 19
28 10 33
21 3 24
8 26 30
13 13 9
30 28 44
17 2 15
10 4 22
30 15 38
9 15 16
1 24 23
2 21 9
4 3 3
17 2 28
16 15 28
27 6 47
10 14 8
25 16 33
16 15 18
15 15 44
21 8 9
7 9 39
25 4 2
15 20 33
1 27 19
20 23 27
7 25 40
16 11 35
29 18 2
18 3 18
13 23 7
2 21 21
2 16 26
5 30 41
10 22 18
28 12 32
6 10 28
28 17 48
4 7 22
17 24 20
15 29 22
3 30 4
30 1 19
29 6 41
10 7 24
9 26 47
22 2 16
30 29 15
9 2 15
14 11 35
5 25 15
18 27 44
22 18 16
10 17 33
12 18 29
6 18 25
2 9 8
30 8 36
14 9 29
4 22 29
10 27 5
14 14 14
9 27 41
5 29 29
19 10 18
18 7 25
4 1 4
21 30 23
6 5 1
6 30 5
17 10 33
13 15 48
28 16 5
9 12 23
19 30 44
17 9 41
23 12 11
16 2 30
1 29 5
1 27 8
7 13 16
9 17 33
9 15 38
13 15 1
7 3 9
10 11 19
12 4 12
22 11 34
15 11 14
20 12 50
17 10 24
14 19 41
26 27 17
15 1 11
15 7 43
7 8 46
7 20 19
18 3 49
23 10 10
27 21 43
18 7 2
14 13 22
26 30 50
22 15 40
2 21 18
6 19 28
21 25 9
1 5 3
30 27 32
1 15 8
13 3 9
26 16 23
20 11 43
9 24 49
21 25 41
30 22 20
17 13 6
15 5 30
30 4 27
1 26 9
23 30 35
14 26 22
8 15 14
2 15 7
10 5 3
23 27 35
2 13 25
19 20 23
19 19 49
7 19 4
9 4 2
14 9 41
25 8 47
9 10 1
7 19 48
30 11 4
14 4 48
24 23 37
16 3 29
26 9 8
10 17 11
15 22 11
15 9 28
21 9 7
3 15 28
20 14 40
3 19 4
21 12 48
19 20 2
6 15 40
3 16 16
25 30 50
25 6 30
24 26 28
11 29 22
30 10 18
29 13 46
24 25 30
11 13 41
22 10 27
3 12 19
1 28 20
12 22 10
1 16 5
28 18 35
1 17 6
18 15 19
16 9 13
17 11 47
7 25 17
3 19 30
7 11 48
11 22 31
12 14 8
8 3 23
25 26 13
21 13 30
21 20 40
15 6 42
21 4 38
29 29 17
11 5 7
28 7 11
20 18 6
20 18 19
6 4 2
9 24 38
10 14 8
19 28 15
22 10 1
20 9 39
6 19 25
24 8 32
4 19 21
20 8 40
30 14 23
5 14 48
22 23 33
21 3 42
18 16 22
18 5 42
8 2 16
2 18 9
25 21 49
6 2 5
17 23 32
10 27 5
9 11 19
22 1 15
23 10 28
26 27 5
7 4 16
20 28 45
10 22 28
11 27 11
19 6 14
10 15 12
6 15 42
16 6 15
20 29 44
9 16 33
3 23 18
21 4 25
17 14 37
4 24 25
15 4 30
18 13 26
9 10 11
3 25 18
27 6 38
22 14 44
14 9 26
2 21 19
8 7 14
6 11 9
1 25 22
22 4 36
20 4 5
2 6 11
19 24 36
27 16 40
20 21 18
27 14 28
7 22 16
1 27 24
1 19 13
13 3 8
20 22 21
15 23 28
25 11 34
3 29 31
24 18 1
1 14 3
20 13 48
15 13 36
13 5 5
4 9 31
21 29 10
3 13 34
12 29 24
15 23 23
25 16 22
18 16 48
2 27 20
29 12 4
14 24 8
10 19 7
8 1 5
19 25 49
22 7 49
6 13 22
10 30 7
1 17 9
20 10 1
29 30 4
12 5 39
30 7 18
18 14 38
12 3 27
2 16 19
20 21 5
1 22 12
28 15 32
2 4 1
24 3 32
28 6 47
16 5 23
23 22 48
23 25 32
17 26 8
9 16 50
13 8 34
17 5 28
20 28 33
3 22 17
14 11 33
22 26 37
6 11 41
4 25 27
17 11 43
16 19 40
6 1 3
1 9 3
18 29 33
22 1 2
29 6 16
11 28 4
19 3 34
11 28 48
28 7 20
2 22 38
21 19 40
9 19 11
24 28 41
7 20 3
2 18 22
30 28 17
23 8 42
26 19 49
15 16 27
6 17 29
15 29 9
24 29 48
26 23 25
26 21 26
18 14 13
8 13 22
24 5 40
5 22 10
6 28 5
12 3 5
2 17 11
11 3 18
30 28 5
24 16 7
22 25 41
14 2 5
18 18 10
29 22 31
28 27 41
12 1 1
26 2 20
8 12 34
2 3 3
27 19 18
25 10 33
15 15 26
10 2 13
9 30 37
21 27 45
1 30 5
6 25 27
27 24 40
20 26 3
2 14 19
30 30 32
14 15 36
29 16 28
24 24 49
10 6 6
14 29 7
11 4 44
17 22 9
18 11 46
22 12 41
14 11 1
15 16 15
23 15 10
10 30 45
10 9 2
7 14 20
4 24 5
17 2 16
7 12 18
23 3 30
13 9 32
3 15 33
29 7 34
18 8 23
14 18 13
16 24 48
7 19 42
24 27 25
1 4 2
19 26 31
10 30 49
11 3 32
20 1 2
13 11 31
27 24 40
11 9 24
9 8 44
22 1 3
6 1 6
2 19 37
22 28 30
12 1 4
16 20 25
19 25 37
30 13 20
11 24 31
24 24 38
10 15 50
30 12 40
15 13 31
17 26 50
26 7 32
22 15 34
18 3 38
24 24 20
23 5 45
15 20 10
14 29 4
13 20 6
5 4 20
15 20 16
6 8 22
20 21 38
23 8 13
20 1 6
21 15 12
8 30 4
17 13 22
3 26 44
30 22 29
9 28 1
6 3 2
10 22 40
27 14 27
9 25 37
7 8 43
8 15 22
21 1 16
25 25 24
18 24 35
28 3 32
28 30 16
27 9 20
16 6 23
12 6 20
30 12 27
3 12 29
26 24 23
2 10 8
17 19 13
1 17 3
4 14 37
10 11 45
29 26 42
23 30 38
4 29 41
30 23 14
2 19 6
5 12 47
24 29 26
6 21 22
13 17 35
19 26 7
3 16 1
7 30 12
24 4 12
6 3 11
30 5 45
17 1 13
5 24 8
20 21 1
13 3 3
20 21 4
6 16 49
18 22 38
21 7 41
15 12 34
1 3 3
27 11 40
4 16 5
24 27 15
4 2 6
22 21 40
5 26 37
3 6 10
22 18 8
15 2 12
10 2 14
9 28 45
30 24 32
14 9 38
10 4 39
9 25 21
21 29 37
9 23 14
19 6 11
26 20 43
7 29 26
13 29 4
7 28 49
8 3 13
27 13 10
18 21 4
28 3 4
26 12 8
29 30 5
12 17 35
4 16 35
19 28 14
24 26 11
22 25 36
28 21 48
29 30 50
24 20 35
17 15 36
16 6 37
21 17 43
7 20 20
13 30 17
26 16 34
29 7 48
4 27 1
13 17 30
4 11 33
28 27 26
3 5 11
21 17 19
26 15 50
15 27 9
24 23 4
27 13 33
25 8 11
5 20 47
6 15 47
5 13 16
2 7 14
4 28 38
22 23 32
21 29 30
11 22 44
25 19 36
29 13 43
21 17 14
7 22 1
26 18 35
3 11 25
14 14 40
11 5 44
14 25 33
5 6 24
19 22 2
14 12 16
9 2 12
14 30 28
26 25 15
20 27 8
13 2 1
2 4 4
28 17 44
30 22 21
15 2 12
19 7 35
4 15 18
28 21 18
5 16 34
21 28 33
10 10 24
21 3 48
20 30 36
13 21 19
4 6 4
7 16 37
14 11 3
21 8 5
28 4 41
22 17 48
26 18 29
9 30 21
18 19 21
14 2 9
14 27 18
24 3 43
2 16 26
24 29 13
29 26 49
11 9 27
20 4 4
8 5 34
28 22 24
10 27 45
13 11 13
20 26 48
5 27 35
30 12 43
24 2 7
22 4 9
20 23 35
6 22 41
21 12 24
24 21 21
21 3 3
13 15 8
30 19 26
25 18 9
17 11 11
27 25 24
8 6 5
22 11 10
24 1 17
17 25 34
29 7 28
21 19 32
30 19 42
27 5 9
6 21 2
16 10 18
21 17 33
19 30 6
1 23 10
23 9 12
28 8 20
28 20 39
19 20 19
21 16 43
1 13 1
14 28 44
21 11 22
26 29 21
11 21 35
18 6 34
12 25 43
11 22 14
21 11 5
19 23 43
21 23 35
6 29 45
21 19 45
23 6 35
23 8 26
8 26 3
23 29 47
7 1 4
10 22 13
17 10 5
9 23 29
13 28 39
7 18 48
11 10 45
6 25 33
13 24 20
17 16 18
15 14 50
5 15 1
27 1 22
3 9 2
24 22 22
12 20 11
11 1 7
16 28 17
20 2 40
19 18 7
16 2 16
5 29 16
8 17 27
20 12 35
24 27 28
17 30 48
27 11 40
1 18 3
7 29 18
28 17 37
26 24 38
7 20 18
3 27 35
21 8 46
25 1 7
13 9 31
12 6 43
11 28 12
7 5 30
26 24 36
2 12 13
1 18 3
29 12 47
5 2 5
30 19 17
13 23 26
3 4 11
18 14 50
11 12 36
11 7 50
18 30 3
19 30 50
9 20 14
17 24 17
11 15 45
20 27 27
15 22 10
29 1 23
10 11 36
26 21 32
27 1 11
9 19 15
30 19 4
25 5 20
22 8 6
28 27 43
5 3 6
6 1 6
13 10 8
8 27 9
2 23 23
24 23 39
8 15 47
4 9 7
15 30 8
10 28 46
2 24 16
29 21 30
26 3 32
4 3 12
24 4 13
14 19 47
22 27 11
10 22 20
2 6 7
10 15 20
27 9 33
25 7 46
14 25 38
5 28 2
15 21 15
9 4 14
25 17 2
26 26 45
27 27 40
27 28 46
17 25 4
21 11 33
16 24 49
6 21 6
27 27 18
14 5 41
19 21 19
12 16 44
26 12 2
15 1 12
2 9 18
28 29 26
22 7 1
10 12 43
25 30 11
22 5 15
14 23 6
22 4 43
17 21 47
30 27 9
11 29 47
8 26 45
15 17 1
16 26 4
20 12 6
21 25 20
17 8 45
4 21 30
7 7 3
5 6 29
3 9 18
9 16 14
5 1 2
8 8 9
21 19 30
18 9 4
20 18 23
6 21 3
25 19 41
27 23 37
26 17 47
14 25 2
28 22 34
11 29 43
20 11 22
1 29 7
7 18 39
19 23 2
14 9 10
14 6 15
12 23 23
18 28 30
2 25 31
15 28 29
28 17 29
21 9 37
22 15 26
3 26 40
4 9 23
15 14 6
11 26 40
24 5 47
23 6 44
13 21 1
1 10 9
21 30 7
18 13 42
15 15 9
5 10 9
25 25 32
20 27 19
21 20 14
27 4 19
20 16 21
2 8 16
30 29 13
7 8 6
20 14 30
20 18 40
28 4 46
11 15 12
20 5 12
25 24 27
5 13 33
28 7 12
29 6 42
22 4 11
27 15 45
8 26 34
29 23 38
14 26 14
18 15 49
11 1 8
7 5 16
19 24 32
23 23 10
16 6 25
17 24 22
23 1 15
16 22 40
5 5 7
9 22 21
9 2 11
10 9 19
7 19 43
11 3 14
20 19 12
16 27 25
27 19 7
4 26 48
25 23 45
11 23 8
3 1 3
17 2 12
5 30 40
17 10 35
13 21 23
14 7 19
30 3 19
17 28 4
16 14 16
20 16 20
8 10 10
11 26 33
22 1 7
21 17 14
7 30 15
19 5 1
19 5 45
29 13 5
13 28 18
10 10 44
30 9 5
11 19 1
16 10 1
20 22 49
3 29 28
7 9 5
9 20 49
14 18 21
8 22 20
7 24 41
22 15 39
17 17 17
7 2 4
19 13 10
17 16 50
15 14 18
9 23 39
29 28 27
1 5 5
22 3 43
23 25 7
1 3 3
20 9 37
9 27 10
28 13 27
29 19 50
9 19 32
7 9 21
15 9 15
15 23 40
7 15 36
6 15 8
21 26 8
7 5 19
6 24 38
4 23 49
24 1 9
27 7 50
28 22 10
24 28 22
23 4 26
8 1 7
17 21 48
4 28 12
9 25 18
27 29 10
17 14 10
17 10 8
26 7 31
6 23 18
7 7 25
23 15 24
7 1 6
24 27 14
8 5 20
15 23 50
14 9 43
5 26 5
24 13 3
5 18 5
12 17 2
7 9 28
11 15 40
27 30 46
2 7 9
23 13 33
13 18 4
7 22 11
11 8 3
14 12 41
8 15 49
1 22 19
8 24 5
8 12 14
25 5 43
25 27 5
10 9 15
3 16 34
13 18 5
5 1 1
7 1 7
25 1 24
13 1 11
7 30 50
23 24 26
15 19 2
11 28 33
25 30 10
23 4 37
27 8 18
5 7 5
27 1 26
10 6 2
8 4 7
9 26 15
14 10 15
7 13 4
9 7 33
18 21 18
7 18 5
4 22 43
15 18 26
26 19 1
8 18 24
18 18 10
14 23 1
28 29 3
1 8 8
25 17 12
22 23 49
19 18 22
21 2 17
8 20 31
8 27 30
4 14 37
25 20 29
25 17 10
30 18 9
11 12 35
4 26 30
15 14 9
16 26 33
19 4 12
9 3 21
1 6 5
17 22 22
18 9 39
17 8 18
15 10 41
21 13 28
12 27 33
21 5 49
23 23 4
14 23 48
23 15 6
15 2 7
19 11 45
9 19 34
16 3 3
18 15 8
16 27 6
18 17 50
8 1 4
23 14 39
11 6 43
26 12 36
2 22 4
9 30 34
14 7 8
29 17 3
26 2 1
11 11 9
23 19 9
18 11 12
6 21 19
1 8 6
26 2 4
24 10 45
9 23 34
27 21 10
21 8 1
3 11 30
1 25 6
29 12 22
10 10 14
10 10 12
13 27 5
8 20 34
3 29 38
26 17 1
5 7 20
7 9 30
27 9 6
20 29 38
1 8 7
16 9 38
9 21 36
3 29 6
28 23 36
8 10 32
8 14 50
7 20 40
9 8 8
4 27 16
3 19 25
11 27 5
20 27 47
26 30 7
13 19 29
28 26 48
21 3 23
20 2 4
19 2 38
18 27 42
15 30 3
11 2 1
7 14 35
23 1 21
30 5 35
20 2 10
20 14 25
2 3 4
18 13 17
11 22 25
22 6 44
6 8 40
24 14 23
1 28 1
28 27 49
22 9 40
4 28 13
18 21 17
25 8 41
3 10 2
7 24 39
3 29 6
30 23 1
24 15 18
18 12 17
16 26 25
7 29 42
11 16 42
9 10 32
19 12 41
20 18 14
10 12 3
7 3 1
17 26 1
16 5 24
12 20 39
8 18 47
9 28 24
23 6 5
14 16 8
6 27 6
30 6 49
14 4 32
20 20 27
2 28 42
25 1 23
6 9 11
22 17 20
8 1 8
2 14 17
30 20 40
7 11 47
25 24 21
16 5 12
25 6 39
16 22 20
10 27 28
30 11 6
10 18 47
17 19 32
9 10 3
20 16 25
7 3 7
27 18 12
28 12 19
27 19 41
18 29 17
17 20 47
2 29 6
10 7 47
2 8 4
26 27 4
1 3 3
20 29 23
14 19 27
12 7 27
2 24 11
11 10 47
29 3 47
5 13 14
21 6 41
8 23 19
11 23 44
16 5 34
1 18 12
19 29 38
25 23 13
22 3 2
8 23 17
14 27 1
19 9 38
1 9 9
10 19 5
13 27 9
28 19 6
10 29 14
27 15 28
22 6 10
25 5 13
1 11 4
11 29 42
18 22 40
10 1 10
24 5 18
4 2 4
9 3 4
4 22 23
22 13 40
3 7 13
7 30 17
30 10 35
1 20 16
2 21 8
13 14 4
13 9 8
22 17 12
30 12 3
22 25 47
11 28 44
27 26 13
23 25 4
10 17 5
17 18 45
17 23 30
20 27 18
9 18 16
23 17 38
5 8 22
22 19 1
7 7 41
21 30 1
6 9 48
11 25 47
27 11 41
27 23 47
26 23 15
12 15 3
1 12 11
14 25 41
25 1 12
23 13 38
23 18 26
2 20 21
21 17 43
1 13 3
30 30 20
16 11 34
18 11 25
20 25 39
10 11 21
29 3 33
16 17 33
12 19 22
24 1 20
8 23 42
15 22 22
14 7 4
19 17 27
14 6 3
24 8 33
27 6 37
19 21 13
13 24 13
5 9 3
4 9 26
8 23 9
19 28 28
24 16 24
10 21 29
12 7 36
16 3 33
22 13 6
7 26 29
9 30 20
4 25 18
21 2 2
21 12 39
28 6 14
21 7 7
12 19 3
9 26 25
4 10 17
19 16 32
19 16 23
20 11 28
7 1 7
8 14 33
28 11 8
12 24 44
8 27 44
10 27 40
6 30 19
22 18 46
4 29 31
28 18 14
25 17 6
16 16 19
10 14 30
17 17 15
22 16 1
8 17 27
19 22 27
9 13 6
14 8 44
26 6 12
19 22 28
27 29 43
25 8 48
4 24 4
28 8 19
10 7 45
27 25 6
5 3 1
30 8 38
16 25 15
27 6 17
16 2 9
20 26 3
8 22 28
11 11 7
22 21 33
26 9 47
14 13 21
14 12 50
13 27 17
18 15 32
14 22 5
30 12 2
2 11 19
12 13 26
28 4 16
21 22 6
29 27 18
2 10 1
3 14 24
29 1 25
22 6 8
8 28 41
20 29 31
14 2 11
19 30 21
6 12 34
1 2 2
30 3 21
11 28 44
10 18 17
15 10 4
4 9 9
4 28 32
6 12 3
13 22 14
23 28 45
16 20 47
5 20 41
25 22 28
20 1 16
16 7 17
2 11 17
22 6 43
25 4 36
8 16 7
3 8 16
18 15 46
4 19 37
14 5 8
22 24 40
9 2 4
5 3 15
9 16 26
3 3 7
8 2 2
27 4 43
12 21 9
9 16 17
25 30 43
24 13 28
23 13 39
13 17 33
12 17 1
9 20 23
9 19 6
16 15 9
30 19 30
28 27 15
6 14 6
18 7 30
16 22 12
6 26 20
21 7 7
13 8 18
7 8 36
2 24 25
30 23 1
11 21 19
8 26 12
25 6 41
25 21 44
28 18 39
18 8 25
24 12 34
11 18 42
8 19 47
12 11 39
4 21 31
23 20 37
16 15 4
8 1 8
21 28 33
29 15 23
6 8 38
19 10 12
2 10 10
8 21 20
7 17 33
9 9 42
7 16 8
10 24 8
25 6 6
28 5 20
22 10 10
5 20 41
6 22 2
18 29 13
9 27 29
21 6 19
15 12 46
22 22 1
30 16 27
27 5 13
16 26 32
27 1 12
10 28 24
1 7 5
5 16 41
3 28 26
23 4 30
21 18 1
11 17 48
29 5 5
21 12 40
22 9 32
5 10 42
8 10 8
2 15 15
23 9 15
10 24 30
9 14 7
21 16 5
11 15 29
5 5 1
24 19 31
28 15 10
29 14 39
28 16 35
5 30 24
9 9 29
8 10 42
17 30 19
11 10 33
10 14 50
20 30 48
30 27 4
11 17 37
9 14 34
6 18 33
11 18 14
9 18 3
12 4 32
30 6 14
3 15 14
24 26 20
3 17 38
26 27 34
2 28 20
16 3 21
20 13 39
3 21 16
25 2 41
1 23 17
24 17 23
14 10 8
26 12 5
3 29 23
19 23 50
10 30 22
10 19 16
28 14 6
25 30 39
25 30 34
23 15 20
5 29 50
4 24 23
20 18 44
3 6 8
4 7 1
8 17 35
23 14 18
21 1 15
11 17 37
24 9 42
24 5 22
25 9 47
29 28 6
2 30 34
19 4 50
5 3 6
10 25 42
19 15 22
28 18 40
15 11 9
8 26 5
21 20 33
19 11 1
4 12 16
17 23 27
7 27 9
4 28 46
15 17 42
18 14 39
30 20 20
20 19 7
14 9 49
17 27 19
9 23 12
22 9 24
9 7 21
19 11 38
24 17 46
6 27 10
4 26 21
5 15 20
24 28 28
2 6 9
20 14 29
11 28 9
17 6 36
19 24 16
18 10 42
4 15 38
25 10 45
5 7 19
26 30 19
26 23 24
22 12 40
2 14 13
20 22 24
15 10 29
12 28 10
4 1 2
13 17 6
10 13 34
28 9 45
28 4 37
4 17 30
23 18 33
1 29 23
6 14 26
26 25 23
26 20 15
1 25 11
16 4 36
21 23 4
25 21 47
13 24 13
12 8 32
25 30 10
21 27 35
26 22 22
21 17 13
7 18 47
10 25 22
25 16 7
18 2 17
6 15 32
10 18 41
1 12 4
12 24 8
7 12 19
18 24 38
2 30 15
11 9 11
22 25 8
18 4 50
26 9 26
19 18 13
19 10 47
10 22 2
19 20 5
28 29 28
15 30 40
11 10 50
1 24 19
29 3 28
20 21 47
17 9 16
1 20 18
27 21 9
1 10 10
15 29 48
23 5 29
22 15 19
21 7 44
7 27 6
5 8 8
3 16 21
10 17 28
27 5 38
5 5 2
24 20 17
3 4 1
12 17 17
22 29 6
25 6 12
22 2 42
10 4 37
28 13 5
5 2 10
2 6 8
1 22 7
27 16 40
28 27 38
4 10 17
9 26 24
3 18 37
26 19 2
4 16 34
29 20 7
20 13 23
15 13 16
22 10 33
23 7 2
11 2 5
19 3 47
24 27 26
30 14 4
1 17 14
6 7 26
13 26 32
17 11 45
4 2 8
6 24 4
27 26 5
20 14 19
16 29 7
21 28 10
6 28 47
14 4 23
25 8 39
26 24 1
10 27 34
25 2 29
30 21 25
15 10 40
15 25 49
12 7 36
21 12 6
9 17 41
12 11 48
2 28 1
24 30 19
17 16 32
25 16 42
21 30 41
1 6 5
1 17 4
6 8 36
23 8 34
13 19 16
10 12 14
22 5 23
30 21 50
2 8 15
23 28 16
16 28 32
24 28 48
9 26 27
26 18 15
22 23 35
27 2 29
22 16 43
16 15 16
26 8 23
20 23 40
6 8 16
27 1 23
26 1 20
25 27 36
1 18 18
25 6 31
23 20 26
18 5 23
3 22 50
17 12 2
28 9 21
7 27 34
28 22 14
13 8 2
30 8 31
17 3 17
28 17 28
15 4 32
17 28 36
19 14 29
12 12 27
5 10 13
28 7 36
13 12 26
25 11 43
15 28 25
3 17 4
10 1 7
14 10 37
9 28 30
7 9 41
5 13 31
29 2 29
6 15 20
21 1 13
14 7 10
30 2 8
3 11 4
2 16 17
28 24 46
29 22 37
12 26 31
4 24 13
2 30 49
4 20 41
16 3 27
17 25 48
4 27 11
5 20 36
24 9 12
1 8 5
9 19 19
30 22 44
14 15 25
12 10 35
24 25 19
20 3 3
10 28 42
10 3 3
17 26 22
18 18 31
3 27 19
13 26 22
16 1 8
11 12 28
17 27 44
17 16 27
20 17 36
3 18 28
5 27 45
8 14 33
18 8 31
8 20 16
11 28 6
29 30 49
18 16 35
23 2 16
1 13 1
7 7 21
6 12 6
1 19 16
5 29 49
5 6 19
22 17 28
9 7 37
29 16 4
15 8 47
8 9 20
18 15 18
8 12 39
23 12 10
14 8 8
13 4 5
23 25 21
22 25 29
28 23 4
3 7 3
9 15 22
20 2 8
8 1 7
28 24 3
29 29 50
6 11 16
3 25 10
15 16 47
4 5 19
29 7 16
2 8 14
13 19 25
22 26 46
21 16 41
23 14 19
24 12 32
29 14 18
21 20 4
7 23 28
15 22 47
22 15 4
5 28 24
20 19 22
27 1 21
27 23 32
17 9 15
10 7 40
28 27 30
23 25 12
22 10 45
28 23 20
3 28 9
27 9 39
8 5 10
26 23 44
27 1 13
2 11 3
11 30 39
10 22 34
24 5 5
20 25 19
1 27 19
9 15 16
20 14 20
9 1 8
4 20 35
8 13 47
10 15 6
30 25 19
15 10 13
1 21 4
10 22 46
7 30 12
13 11 8
14 11 18
8 15 29
2 14 1
28 23 26
23 14 32
23 29 31
27 29 21
4 8 2
21 7 44
14 11 26
21 24 17
21 1 21
9 24 36
10 21 40
17 5 13
18 27 41
28 16 32
20 11 1
4 1 1
9 6 37
24 27 43
12 9 15
14 9 39
29 10 9
20 26 36
25 13 34
5 2 9
28 14 29
29 17 11
5 17 27
14 2 11
16 14 3
10 27 11
28 18 13
29 7 28
4 1 1
19 28 32
28 25 25
16 15 43
19 20 31
5 25 13
9 10 8
13 11 24
25 1 3
17 21 32
5 16 24
27 4 23
28 1 18
5 9 32
19 27 43
20 23 27
14 23 28
21 5 11
16 29 11
21 8 41
2 4 4
5 30 31
28 19 44
7 15 4
30 4 22
5 15 24
3 20 46
11 2 20
21 9 22
23 29 49
15 30 2
22 27 23
24 16 42
27 14 36
30 5 1
13 9 15
26 12 44
23 14 47
24 26 46
8 18 44
6 2 10
30 15 14
22 8 29
25 27 34
21 18 8
11 1 11
8 18 30
23 3 35
10 18 20
5 25 49
28 23 12
13 22 46
16 5 35
26 30 21
19 20 9
9 22 21
15 29 28
16 22 30
30 23 18
1 27 2
19 24 16
30 29 27
25 6 24
11 24 43
2 4 8
10 12 17
10 18 36
19 3 29
9 24 41
8 24 19
1 4 4
17 3 22
15 19 40
18 30 33
20 23 38
25 2 10
22 3 47
9 13 32
9 13 45
1 20 11
19 13 26
14 21 49
16 5 29
7 23 50
21 4 32
8 21 35
7 4 19
24 12 42
27 12 4
23 12 36
5 22 48
21 5 8
1 12 10
29 10 26
19 30 2
30 8 44
27 6 17
25 21 8
6 17 1
30 10 34
27 14 27
14 4 33
13 4 25
16 25 44
4 5 6
17 26 5
20 22 40
26 17 31
5 22 9
25 13 20
10 9 24
16 14 49
18 26 45
24 4 41
18 29 35
25 15 10
9 26 2
28 13 38
30 17 11
19 3 24
30 12 12
3 19 26
24 6 23
10 30 48
20 9 26
26 3 12
5 3 2
28 30 49
7 22 27
8 2 9
21 1 19
4 26 42
1 11 7
16 20 19
3 1 1
11 26 31
2 22 5
19 12 4
9 18 37
8 25 18
8 7 21
12 3 4
25 3 6
14 10 37
24 13 49
12 23 26
24 16 29
8 4 26
22 5 8
18 12 34
8 11 11
28 14 3
5 1 2
22 14 37
28 8 1
26 11 5
3 5 15
1 12 8
11 25 22
30 5 5
13 12 45
3 1 2
17 5 31
26 26 26
14 15 43
14 2 20
28 4 40
19 4 11
14 6 28
27 5 22
21 18 13
26 12 23
28 21 19
8 16 4
23 29 20
8 4 1
3 23 6
24 11 29
26 17 47
23 13 11
24 4 8
28 21 2
2 18 34
10 17 17
5 1 2
14 30 40
16 24 42
21 17 32
22 5 30
28 27 3
8 13 8
28 10 40
29 12 37
20 21 35
18 18 5
14 1 11
13 9 8
4 29 37
27 12 41
7 9 47
21 9 29
8 6 23
29 4 32
7 15 44
1 2 1
17 15 44
11 19 12
21 22 2
9 10 44
9 16 32
27 28 30
28 27 47
8 25 32
21 1 1
24 1 3
15 10 15
20 12 13
11 2 18
14 10 16
7 10 33
1 7 2
2 4 1
9 3 20
2 23 18
18 16 49
18 22 48
25 11 9
27 13 43
5 27 34
22 25 24
16 25 10
8 27 25
27 27 17
2 20 19
7 29 24
27 17 28
4 11 44
15 29 13
27 3 9
10 16 3
3 2 4
24 9 18
18 27 16
6 28 5
24 27 14
20 23 40
7 19 2
26 3 10
20 21 5
18 30 50
3 25 31
12 10 42
1 20 18
16 25 38
20 11 36
23 30 20
4 28 38
25 15 2
7 5 7
21 14 24
12 16 38
5 19 7
6 19 6
25 4 3
12 16 13
17 8 12
29 4 31
6 28 37
30 26 41
21 16 7
4 28 34
3 2 3
20 29 33
17 23 39
9 5 24
11 13 3
4 3 8
16 9 16
5 8 1
27 20 7
3 16 16
17 18 39
11 7 47
23 16 11
1 16 3
24 19 2
17 14 34
12 22 2
19 26 11
30 22 13
18 25 28
3 11 6
3 21 24
1 5 1
21 6 36
8 21 34
29 7 30
22 11 1
16 29 36
8 20 27
20 7 33
9 9 35
24 3 37
29 3 22
19 24 27
16 1 7
2 29 26
1 12 2
21 27 28
28 27 8
26 16 34
19 17 15
13 10 37
20 30 50
23 10 13
1 25 20
29 26 45
26 18 46
3 8 17
23 27 31
10 23 38
25 11 4
19 15 25
8 26 24
29 18 23
13 18 10
27 17 15
23 12 25
8 7 34
4 29 31
4 30 43
4 24 5
27 5 49
22 12 17
7 10 24
2 14 16
21 10 32
27 24 35
21 1 7
15 27 11
5 22 20
9 25 16
23 22 10
13 5 43
29 11 14
25 4 37
8 24 8
29 21 21
23 3 23
16 17 19
6 13 43
18 21 27
23 5 30
24 18 26
28 8 39
11 2 12
29 1 25
26 21 18
8 14 30
20 21 17
21 18 9
13 27 2
21 11 46
21 4 45
8 1 1
6 3 6
8 1 1
25 18 27
2 25 32
11 15 4
29 27 2
30 9 50
21 29 11
16 11 46
21 19 47
3 16 9
30 23 32
28 9 11
17 10 36
18 13 32
24 3 18
17 2 6
6 22 16
6 8 23
2 28 29
20 22 24
10 13 19
23 11 7
16 27 9
11 6 3
12 29 5
1 15 12
28 13 18
23 18 27
13 11 46
21 22 39
7 24 32
15 16 12
23 1 3
3 3 8
25 6 4
20 6 10
8 3 16
25 18 2
4 22 44
9 13 46
28 11 39
29 25 6
2 9 1
1 12 9
5 28 7
30 17 4
10 16 9
23 11 36
16 6 27
20 14 11
15 3 41
3 1 3
28 24 28
16 24 9
29 29 46
17 20 45
10 29 30
28 14 22
25 29 47
14 10 3
14 24 25
17 18 48
5 8 21
2 15 25
10 13 15
8 29 24
14 1 5
5 20 38
7 15 18
5 28 8
17 3 3
24 11 41
1 16 2
1 17 12
17 19 7
1 18 15
27 1 25
21 5 9
20 3 45
9 8 4
16 16 48
1 9 9
3 1 3
20 24 32
13 10 20
11 11 37
30 7 29
18 19 24
26 8 48
2 16 13
5 24 23
3 16 43
11 18 36
26 29 49
27 3 28
9 14 40
7 13 8
6 22 6
1 18 1
28 11 33
25 16 38
29 18 43
3 20 42
8 7 10
6 3 16
6 3 5
15 10 41
15 15 3
10 15 32
27 4 22
21 28 29
8 18 48
2 21 41
5 28 15
14 26 20
17 1 13
26 7 3
8 21 47
12 23 13
25 19 47
19 1 4
27 30 34
7 1 2
5 27 23
10 10 10
9 18 2
2 5 9
5 13 29
13 16 33
6 11 23
24 29 33
1 17 8
26 23 24
11 28 40
16 7 11
15 7 11
7 30 25
27 4 49
7 9 35
10 14 17
22 29 15
27 29 11
8 25 6
4 5 13
3 12 13
26 27 39
6 25 28
12 21 24
1 27 27
27 6 37
3 20 17
29 16 7
11 15 43
16 18 40
10 13 21
2 8 7
30 5 21
20 16 33
5 8 20
28 26 35
26 20 34
14 18 41
30 21 6
3 6 7
24 8 27
4 9 6
3 1 2
25 20 18
8 16 15
17 13 23
23 30 2
19 13 22
29 12 42
16 6 19
29 29 16
15 3 32
1 27 8
12 21 38
9 28 23
6 6 25
28 29 44
1 17 4
22 7 29
3 23 15
12 13 35
19 19 9
5 11 35
13 23 36
10 23 45
22 28 21
8 17 49
23 18 17
20 1 15
29 4 47
5 7 16
9 17 10
8 14 2
24 26 34
9 6 27
14 27 46
24 5 15
24 19 32
10 9 22
16 7 27
15 11 15
25 11 4
16 10 27
18 4 4
3 4 3
11 17 48
17 2 6
1 25 22
24 26 50
17 4 46
6 18 28
22 12 31
25 20 12
3 29 5
7 1 2
15 12 37
4 20 41
27 12 7
9 27 5
20 5 48
8 10 35
27 24 38
27 10 19
29 13 27
25 19 48
25 25 11
4 21 12
6 17 15
2 17 29
8 7 47
17 6 29
13 2 18
21 21 3
1 11 6
18 5 35
27 22 2
17 17 22
10 22 30
14 15 47
6 23 25
24 9 10
22 22 33
5 4 13
28 4 43
24 13 48
9 9 41
2 25 7
23 26 40
22 9 44
30 6 28
6 30 37
17 13 10
30 18 35
2 7 8
7 30 23
16 8 11
16 9 8
24 23 23
23 7 24
28 28 9
26 4 30
24 12 15
13 11 22
27 5 10
6 11 49
28 26 29
29 3 49
8 26 32
20 10 10
25 7 27
6 2 2
15 25 22
29 7 44
22 25 50
21 23 30
12 12 37
10 2 9
8 9 6
21 29 15
10 23 32
27 28 33
8 5 10
1 25 18
27 9 43
26 21 17
6 2 8
24 3 30
15 11 38
30 23 8
17 3 13
18 29 10
12 28 36
1 29 2
11 25 31
23 20 31
11 17 5
18 3 27
27 17 49
15 8 2
22 24 46
14 11 6
26 15 43
3 7 2
5 17 19
15 1 6
8 11 7
2 29 31
20 17 27
19 1 14
2 15 18
9 20 31
14 7 47
16 10 33
1 14 10
9 21 22
29 20 35
28 21 5
28 2 11
15 12 42
1 5 3
10 13 17
30 26 36
26 4 45
21 4 50
2 4 4
13 3 10
19 22 23
23 19 17
14 25 48
27 17 23
24 27 35
2 26 43
17 14 38
3 4 9
25 5 6
28 9 50
29 28 41
3 12 20
9 25 36
19 21 23
11 6 49
7 8 46
21 16 9
8 11 24
20 27 48
6 24 9
15 14 38
16 17 39
27 17 24
24 5 36
16 7 32
26 6 31
2 26 18
12 4 42
26 15 46
13 20 20
23 27 33
30 4 11
19 30 18
24 23 4
19 1 6
20 26 18
20 27 23
28 9 48
7 26 45
13 8 14
4 23 12
16 22 25
29 2 14
28 25 19
23 14 11
25 25 36
2 7 5
27 4 45
24 2 18
20 6 39
14 9 41
25 17 5
2 15 6
15 4 1
5 26 46
25 21 30
3 22 36
7 18 31
3 4 7
2 23 16
22 28 39
13 15 7
9 16 13
14 22 26
6 19 3
11 5 33
11 7 37
8 5 36
9 7 31
3 30 16
24 22 5
24 26 9
10 4 6
2 9 18
19 15 40
24 25 4
26 27 41
4 5 7
22 5 14
12 29 5
9 14 6
4 8 23
4 9 6
12 3 27
11 21 31
20 14 17
25 2 6
15 27 30
2 18 22
17 22 46
1 30 19
29 3 46
13 7 25
1 18 13
19 20 9
21 1 10
17 25 28
24 2 20
13 25 32
20 3 23
25 3 32
14 23 17
9 6 35
5 28 44
3 16 25
22 6 5
8 14 49
25 8 32
8 12 46
1 2 2
15 18 23
29 1 5
15 2 24
21 28 41
14 1 2
18 14 23
22 21 9
12 7 18
26 6 31
3 7 4
13 21 42
17 11 24
13 17 15
7 7 16
27 20 45
25 7 30
19 20 40
19 24 6
26 19 21
29 13 19
2 25 22
23 11 12
29 24 9
5 22 45
9 18 17
13 4 25
14 15 27
13 3 17
10 21 42
13 19 34
13 20 9
4 5 19
28 25 24
8 29 5
24 8 25
22 12 40
27 26 24
5 30 37
6 2 5
17 14 37
10 18 28
28 14 12
19 11 16
2 10 7
29 3 24
5 17 17
14 13 12
8 17 4
4 22 45
12 8 10
30 9 17
7 7 39
11 17 42
8 10 33
4 8 10
29 12 34
6 26 38
29 25 44
22 20 27
16 1 4
7 22 24
24 28 32
15 30 38
9 8 18
3 3 1
30 2 39
13 29 46
30 27 20
25 19 49
3 26 31
18 3 2
12 18 41
25 24 11
3 24 30
20 27 2
6 26 5
26 1 7
11 22 10
20 9 30
18 11 7
30 29 1
11 2 8
12 26 34
4 20 7
3 1 3
4 29 21
29 24 3
13 27 14
2 8 6
23 26 45
10 17 13
20 28 36
10 1 3
23 4 23
21 6 45
16 1 15
28 21 29
10 4 35
5 27 42
9 20 29
23 21 16
27 2 5
2 11 17
16 25 20
28 16 35
25 23 37
27 20 28
15 29 13
21 25 1
13 3 36
13 17 32
8 13 34
22 6 6
28 22 31
7 11 18
13 5 50
20 2 1
9 8 19
23 29 25
3 3 5
25 15 44
6 15 17
11 28 24
27 26 5
29 24 36
16 7 12
17 18 15
7 18 23
17 10 13
21 12 25
20 28 41
14 26 25
12 6 33
7 24 50
2 22 11
29 29 49
30 7 8
25 5 45
19 13 24
11 4 44
27 15 37
27 28 22
12 1 8
16 8 43
15 1 12
7 21 27
28 20 26
27 6 10
22 16 3
17 26 28
16 14 2
13 11 22
4 14 4
15 29 23
20 13 35
16 11 25
24 30 7
9 27 42
21 18 8
15 26 15
12 12 39
15 24 19
16 19 34
2 4 6
24 15 6
9 30 8
13 15 18
21 16 46
13 28 35
12 12 10
6 15 23
6 29 6
16 7 37
9 8 2
30 23 46
17 23 37
15 28 3
4 18 18
19 30 45
13 3 14
24 9 22
17 6 1
24 22 47
20 30 16
3 22 30
8 8 23
26 14 20
29 17 27
16 5 39
23 9 11
10 25 11
12 11 27
12 4 48
10 16 49
7 18 50
26 18 38
8 13 21
9 11 18
28 19 24
16 11 25
28 20 29
11 23 11
29 26 26
16 27 11
16 3 33
16 21 48
23 28 32
5 29 25
4 26 43
30 11 35
4 30 36
24 10 19
24 8 34
19 15 31
22 1 13
12 16 45
11 30 15
14 4 3
28 30 38
22 29 10
26 2 31
12 17 11
20 10 30
15 20 15
15 11 17
10 14 34
24 16 3
28 30 48
22 19 37
19 11 45
10 6 48
1 9 5
1 28 27
22 13 5
6 19 45
4 28 31
17 14 6
21 3 7
29 25 6
27 5 46
2 15 23
21 15 42
5 7 31
19 28 25
23 26 44
30 29 33
12 8 38
9 28 21
6 18 35
21 15 19
8 8 35
30 28 9
23 24 7
14 13 7
8 27 22
21 18 22
16 21 39
23 30 29
3 5 1
29 17 50
8 24 17
22 15 37
13 8 30
9 21 34
17 28 3
28 11 32
22 26 3
22 18 22
20 21 48
6 11 34
27 18 27
26 2 41
22 6 20
11 6 10
27 23 40
9 12 50
30 3 25
12 17 4
15 6 6
22 3 17
15 22 6
23 17 7
16 8 34
15 10 40
27 28 32
6 6 15
25 28 18
1 9 5
16 16 31
22 7 26
30 14 7
25 6 43
14 13 22
7 20 23
28 16 31
19 21 48
14 7 5
11 29 6
16 14 21
26 27 49
23 18 22
19 5 20
23 18 32
26 16 31
9 14 26
11 2 16
10 7 24
15 9 4
12 24 50
24 12 18
12 4 42
14 23 30
13 7 39
24 3 34
17 3 9
2 5 3
22 14 19
25 20 8
11 23 31
10 16 24
19 28 8
16 11 42
25 15 18
5 8 2
9 16 46
17 18 50
11 9 26
20 25 25
7 27 10
9 28 45
15 17 32
2 2 2
25 19 48
24 23 28
26 23 13
21 2 28
13 12 40
18 1 9
4 29 13
13 30 31
8 14 37
21 7 10
15 23 28
22 16 31
29 3 5
22 16 6
23 28 28
25 15 40
21 10 49
13 15 40
3 22 35
1 4 1
1 18 17
10 2 20
12 30 13
7 13 18
2 6 3
1 22 17
1 12 10
21 24 6
10 19 19
4 11 33
26 3 50
10 5 13
9 16 13
11 22 17
28 16 4
4 16 15
16 8 16
8 20 22
13 29 12
2 24 36
24 11 17
25 20 21
28 21 16
22 1 6
28 21 7
24 16 34
18 2 32
24 9 1
7 21 32
8 14 7
11 29 20
17 24 21
19 13 1
7 4 24
16 23 6
2 16 21
25 26 14
18 11 24
1 17 14
4 16 20
30 26 29
29 5 14
2 15 6
2 21 19
25 6 5
22 29 21
13 16 28
18 3 38
2 3 2
28 6 49
7 28 36
7 18 2
30 19 17
27 13 47
27 29 5
12 21 43
4 25 50
21 12 3
10 13 7
23 10 45
13 9 24
28 15 13
10 15 34
28 11 36
14 30 44
20 3 14
25 28 48
14 10 12
28 19 24
15 11 26
21 15 34
16 12 30
28 13 26
21 10 7
18 16 38
22 5 20
7 29 29
17 5 38
8 2 4
3 8 6
8 28 22
13 5 45
3 25 20
20 15 9
26 3 16
15 16 43
6 22 33
24 8 37
21 7 9
28 10 6
15 9 26
8 14 40
13 16 16
22 27 31
2 23 43
20 29 40
12 5 43
16 28 31
3 11 13
21 8 28
8 15 37
23 14 30
5 18 37
10 9 33
22 3 27
28 14 6
27 17 42
2 2 1
14 4 49
2 16 11
30 16 3
28 30 36
9 4 12
27 6 44
11 19 48
18 17 21
15 5 7
16 28 41
6 11 6
15 13 12
23 12 17
7 1 6
12 9 42
27 27 19
21 7 9
30 16 37
1 30 14
9 7 21
11 5 2
17 19 4
30 3 7
28 1 7
25 12 9
26 1 21
16 21 31
17 20 7
3 12 2
16 13 27
19 23 21
10 1 1
5 30 33
11 27 3
9 22 36
29 9 26
23 17 18
23 3 10
1 27 13
1 13 8
7 1 7
17 2 4
7 6 8
21 8 38
5 8 39
30 6 20
18 28 26
25 12 8
14 13 6
7 13 10
3 11 5
22 27 3
12 25 48
23 15 35
30 19 12
29 10 39
20 27 36
5 14 38
14 27 2
19 25 36
29 28 16
30 19 12
25 22 16
24 14 12
9 14 50
22 4 19
11 23 48
18 19 1
15 2 29
8 12 34
13 2 19
28 2 21
1 18 15
28 11 28
9 11 3
30 3 18
1 5 5
28 14 50
30 21 1
28 28 5
13 3 6
25 22 29
18 23 46
2 12 15
21 13 27
24 4 41
21 4 47
3 23 31
2 22 9
25 12 48
29 24 22
4 11 26
3 28 38
18 29 11
14 19 43
13 4 37
13 25 12
10 19 15
20 20 48
12 14 49
1 12 9
23 8 15
6 10 2
3 19 32
3 25 32
8 7 6
16 11 22
27 20 20
1 1 1
11 12 15
9 13 18
23 27 25
9 2 12
30 26 37
3 20 1
25 19 39
20 4 39
23 1 7
22 23 3
2 3 3
18 12 21
16 26 7
20 5 48
18 26 35
4 29 26
14 23 15
14 4 38
24 26 8
16 9 41
9 2 1
5 20 36
27 5 4
23 16 48
12 3 19
26 28 13
21 3 45
5 16 30
15 2 27
2 17 33
4 25 27
9 21 28
16 17 2
19 1 17
18 12 24
13 29 21
5 20 24
12 16 21
21 22 2
18 16 19
14 19 25
12 19 48
29 5 6
12 23 7
11 11 50
4 23 19
16 19 40
1 30 17
2 13 5
25 22 24
5 5 9
10 17 33
19 7 9
14 19 13
2 21 25
2 16 17
30 1 8
1 2 1
17 25 39
25 11 20
10 16 17
6 17 5
28 5 11
8 10 41
10 12 21
15 13 26
3 4 5
10 4 22
17 12 18
27 29 28
29 8 5
5 13 21
11 2 21
1 9 9
2 11 18
14 25 34
12 19 9
10 29 44
1 7 3
30 3 43
17 23 1
12 19 25
14 29 49
13 30 27
21 23 29
2 28 45
25 9 4
5 10 32
18 2 36
12 1 6
5 18 7
27 21 45
23 26 24
21 30 3
20 20 27
28 13 14
23 7 45
6 3 16
9 20 16
18 2 22
21 28 5
17 24 7
2 16 29
15 29 24
19 18 44
7 15 48
22 29 15
16 26 9
12 4 29
9 13 10
6 4 9
13 12 22
1 13 9
15 19 17
29 29 44
24 5 31
1 27 15
7 4 3
16 15 50
14 23 43
5 21 48
23 3 19
26 3 4
14 18 22
23 8 31
18 1 13
28 23 13
7 30 47
3 7 7
24 20 48
6 16 8
5 8 12
16 3 14
9 8 3
12 30 10
14 18 22
21 7 37
15 5 16
21 7 24
26 1 25
23 28 30
2 25 19
13 10 11
26 18 30
11 29 42
2 5 1
16 25 7
22 9 12
19 22 20
22 17 32
6 1 6
27 2 44
25 14 15
17 1 10
16 11 32
29 13 36
29 20 20
28 11 1
9 21 22
10 12 40
12 9 50
3 5 1
18 29 14
12 15 14
15 22 17
16 21 31
14 19 30
5 16 50
5 16 12
18 18 33
17 29 43
16 23 17
16 2 23
21 5 31
5 19 12
13 26 12
3 9 19
12 6 50
23 10 6
24 28 15
28 14 5
10 22 17
26 29 50
2 20 4
14 16 14
17 28 29
11 30 50
23 3 47
4 25 16
1 10 5
15 7 39
19 16 32
7 3 20
26 26 19
19 1 17
14 17 15
5 19 4
26 11 48
22 7 42
27 7 1
22 22 9
22 2 26
5 9 15
24 4 45
25 15 47
10 28 26
15 24 44
10 19 27
8 10 23
21 29 41
14 12 42
12 3 12
18 7 34
17 22 39
4 16 13
20 18 23
7 24 46
21 3 35
7 2 6
21 23 14
11 6 5
15 9 47
20 26 25
3 5 12
11 8 14
26 19 41
30 26 4
5 8 19
21 14 50
17 4 24
10 6 31
15 20 30
13 9 27
10 3 21
28 6 40
1 1 1
14 30 38
19 26 45
27 17 50
29 3 25
14 12 10
27 18 50
26 23 30
4 2 5
25 29 48
6 21 40
6 26 31
23 15 16
9 3 7
8 23 16
2 7 4
24 3 27
13 20 9
2 15 22
16 1 2
5 7 18
24 4 18
4 19 14
2 27 47
23 5 21
1 28 27
20 21 41
18 25 2
9 19 17
30 4 17
12 9 45
14 24 49
3 20 17
7 21 43
5 5 4
25 5 49
14 24 9
26 4 14
28 12 44
6 11 27
14 22 17
29 27 3
9 22 12
15 28 12
9 24 36
30 18 1
18 1 6
18 19 19
13 16 12
26 13 13
5 26 36
13 16 35
15 24 26
6 30 25
17 1 9
25 30 5
7 9 18
4 26 6
5 1 3
16 26 37
8 22 14
6 5 10
30 19 45
15 17 17
11 25 7
8 19 46
14 17 36
13 21 31
30 25 3
24 10 39
30 10 22
24 7 16
25 6 27
11 12 13
27 22 39
13 21 40
20 4 16
5 17 8
8 16 32
10 10 4
30 1 5
12 16 13
19 2 10
7 13 31
11 9 24
10 14 24
19 25 37
14 30 35
14 29 23
7 30 24
10 22 24
6 25 42
8 13 23
7 12 15
9 22 36
2 1 1
15 19 25
24 25 26
10 8 24
12 14 26
7 16 17
3 13 13
14 13 7
26 11 48
13 20 10
30 13 30
30 20 1
24 5 35
10 14 44
15 18 9
12 24 36
30 26 9
12 9 43
29 27 3
26 9 24
15 8 27
27 29 36
27 22 42
13 23 25
6 30 12
26 11 28
2 3 5
12 14 4
4 12 44
28 30 40
12 14 19
30 10 7
7 28 30
18 10 13
4 7 12
8 3 22
5 26 28
19 29 42
12 2 23
23 21 44
4 24 40
22 23 31
8 21 19
8 8 40
22 4 37
5 11 21
12 15 28
30 3 16
23 7 29
27 21 21
1 25 15
2 8 1
12 16 30
12 15 29
22 28 12
30 2 44
2 13 10
29 4 23
16 26 19
4 23 21
26 15 15
20 8 23
21 19 50
20 1 6
10 22 13
4 13 46
7 14 40
17 12 24
29 27 41
9 22 5
1 17 15
18 29 48
12 19 47
21 30 29
28 1 8
10 4 34
7 3 5
16 11 38
21 9 16
22 9 49
28 9 7
19 26 7
16 29 35
24 19 26
2 8 11
23 9 42
26 15 24
12 23 4
1 5 4
8 18 44
28 16 45
27 4 22
23 11 1
30 5 31
5 6 19
11 29 37
13 16 24
8 28 36
14 20 50
19 20 8
3 17 13
17 13 28
10 6 48
10 5 22
21 1 16
9 12 48
27 16 25
30 23 44
25 28 44
17 17 43
4 19 41
28 27 44
25 6 11
2 8 7
6 28 17
15 28 40
14 16 35
28 8 30
2 2 1
17 10 35
29 5 45
19 2 31
14 18 31
14 20 28
2 17 33
29 1 6
20 6 31
5 3 8
26 26 2
14 12 43
11 2 6
25 13 19
28 26 47
28 2 8
5 25 26
23 15 28
8 5 23
30 1 7
30 26 3
1 1 1
3 11 24
2 6 6
11 25 29
29 14 50
6 10 37
13 2 7
20 9 35
2 30 25
30 29 2
2 21 33
30 24 35
29 25 22
2 27 8
30 25 21
22 22 40
8 4 9
8 15 41
13 16 21
9 16 31
23 9 22
7 30 37
23 20 3
7 21 40
14 21 46
5 4 20
4 11 5
27 18 30
19 22 37
19 23 44
2 15 5
13 13 14
9 5 16
21 11 16
22 17 28
18 21 41
19 16 43
23 4 33
4 23 44
1 3 2
26 4 24
30 8 36
26 16 33
11 7 35
8 20 1
18 7 3
8 17 31
1 10 4
3 5 3
18 5 13
18 23 8
1 22 16
19 9 31
3 11 14
27 19 29
8 6 29
22 5 44
22 27 25
18 21 39
27 1 24
9 18 28
17 10 1
2 20 10
24 22 10
23 19 20
11 18 17
19 9 44
22 23 40
18 10 41
27 6 43
2 7 14
29 23 41
9 16 3
20 9 14
12 1 2
21 3 1
28 14 32
1 27 27
22 15 35
4 11 4
16 4 28
7 24 42
30 24 39
12 14 48
15 25 20
29 7 35
21 26 8
22 18 34
7 10 38
23 13 10
7 21 25
26 27 10
8 18 14
18 29 49
15 6 25
5 4 1
19 16 27
8 30 14
1 28 7
1 21 8
2 27 20
7 22 16
18 21 4
1 9 3
19 15 19
15 11 24
26 29 50
24 28 29
17 29 48
4 21 38
11 22 16
22 20 10
7 8 10
2 30 10
18 11 5
16 25 15
10 20 26
11 13 43
11 22 3
8 25 43
18 27 27
23 10 28
12 16 5
14 10 25
15 27 35
1 4 3
6 5 21
23 15 15
7 17 38
12 25 44
14 12 2
22 26 31
20 8 49
24 13 10
20 27 48
26 28 31
27 25 36
9 9 12
3 15 4
3 26 13
26 2 26
30 23 41
20 12 20
10 28 24
9 9 11
26 5 40
17 23 24
4 1 4
27 25 38
15 27 16
19 15 19
4 14 21
7 25 5
8 5 24
22 13 2
24 1 20
23 9 10
8 12 10
1 8 7
30 15 3
25 3 27
13 29 22
16 27 17
22 26 13
25 17 15
6 10 27
6 24 25
5 1 3
27 23 8
13 23 42
25 9 16
14 14 6
15 29 2
3 12 22
25 6 6
22 3 48
10 8 41
15 5 14
22 1 6
29 13 10
12 7 39
28 12 12
3 27 2
27 21 13
16 8 18
21 21 22
20 30 50
13 6 14
6 28 24
13 18 28
13 30 24
13 27 46
4 21 14
15 17 46
7 2 1
26 15 5
17 4 27
8 16 42
3 13 9
28 18 7
5 22 8
11 4 28
28 7 34
11 13 23
28 19 6
23 6 40
29 22 26
5 22 1
9 24 36
17 22 33
5 26 4
22 6 37
27 25 45
23 27 27
5 25 47
10 9 22
22 7 25
7 4 2
29 12 30
26 20 23
18 17 10
23 30 18
1 27 5
15 11 49
3 15 23
9 16 1
12 29 9
7 5 17
14 26 15
23 21 5
7 1 3
17 15 40
24 16 8
25 30 48
23 25 32
7 3 18
29 7 48
28 13 45
21 18 12
26 3 34
20 9 46
22 25 1
1 18 4
29 5 47
28 27 11
12 26 26
11 24 12
30 13 46
16 4 33
19 21 7
13 10 36
28 23 30
20 15 10
5 13 14
4 3 10
4 14 27
21 24 21
14 15 33
11 23 48
4 11 4
20 23 29
7 13 11
27 2 16
18 29 50
21 2 10
12 27 35
29 18 40
1 1 1
23 12 37
11 7 37
18 18 12
27 17 6
19 13 19
4 22 37
24 12 8
7 15 47
12 13 24
1 13 6
27 28 39
15 8 7
14 17 17
5 5 3
22 24 45
10 27 6
27 12 49
6 19 13
12 22 28
27 22 12
5 11 49
23 25 38
2 8 7
28 4 31
10 25 24
26 5 3
3 23 16
21 28 24
15 2 7
22 28 31
26 24 41
4 9 7
4 10 35
20 7 10
10 16 5
16 3 41
18 5 13
15 17 20
1 1 1
7 15 23
27 10 46
27 5 44
14 30 23
30 19 1
19 29 28
3 6 12
5 15 24
7 29 50
29 29 43
21 6 29
25 24 20
1 21 9
6 26 6
21 25 44
11 5 14
9 30 39
8 4 9
4 11 40
15 1 2
27 13 19
7 8 43
26 30 5
12 5 40
27 17 6
30 28 10
16 28 9
14 27 13
19 30 35
22 7 47
23 25 29
14 2 20
6 27 27
10 30 34
9 26 50
16 18 29
5 3 11
24 8 5
8 26 26
24 9 12
10 24 7
8 7 38
6 4 2
24 13 36
17 13 23
19 28 32
9 2 6
5 17 44
11 16 11
16 9 10
28 18 35
4 26 1
3 23 4
28 8 48
15 25 20
28 5 29
19 13 32
5 9 6
20 19 16
30 27 45
11 24 22
15 19 29
17 13 21
22 10 29
9 17 35
30 6 41
10 24 23
22 20 34
12 1 12
17 1 4
1 3 1
25 10 23
13 26 25
16 10 17
26 18 33
22 10 48
22 19 43
26 2 45
9 13 45
3 22 7
22 14 42
27 8 31
11 21 28
16 6 37
14 23 7
6 14 8
25 5 16
7 22 20
1 1 1
18 25 35
4 16 9
15 4 46
27 15 28
5 22 25
13 5 17
1 2 2
28 26 36
6 2 10
15 25 50
28 12 24
3 7 9
13 22 25
8 10 11
16 14 2
12 27 18
9 19 39
10 17 14
16 22 37
5 28 1
24 25 4
7 19 3
27 1 10
13 9 35
5 16 29
26 19 7
5 27 25
23 7 43
28 14 26
5 10 43
27 3 48
1 1 1
3 19 39
18 2 33
4 6 12
12 24 4
30 20 31
7 13 49
29 10 44
5 6 13
29 3 47
26 25 27
4 19 5
4 28 8
12 1 10
27 13 21
30 4 50
22 10 22
20 1 4
15 27 29
27 25 3
3 13 39
1 8 5
26 11 22
5 22 13
20 10 7
20 9 10
2 1 2
3 12 26
28 27 50
29 23 26
1 18 14
28 18 47
12 5 7
24 2 24
28 21 29
14 3 4
25 4 10
8 28 1
21 18 39
22 16 14
18 16 21
17 13 40
24 17 27
2 2 4
2 29 20
2 12 2
11 28 7
12 6 37
25 18 34
3 10 19
26 19 24
28 27 49
18 20 5
4 14 16
21 7 46
20 8 49
14 11 36
2 14 13
18 8 1
21 11 50
9 28 38
5 26 14
13 13 26
29 8 31
16 20 37
1 1 1
19 6 18
26 8 22
9 25 39
9 16 11
10 16 49
29 20 24
14 24 28
19 22 37
29 29 36
7 21 48
23 1 14
10 27 41
3 5 10
12 5 22
14 14 38
22 12 39
17 25 23
16 6 46
22 26 27
9 3 17
27 17 38
20 18 4
20 21 20
6 24 36
30 7 49
9 21 2
7 29 6
21 7 43
19 20 39
15 29 33
1 25 1
18 6 8
23 17 30
24 14 3
29 13 42
17 21 42
30 20 32
8 10 38
20 28 48
20 4 46
14 5 32
24 14 19
14 7 47
15 30 30
10 21 45
11 29 25
24 29 16
5 6 26
15 17 35
22 7 39
19 12 5
2 28 18
12 3 8
8 17 28
17 26 28
1 6 4
28 29 6
13 26 43
30 10 40
7 23 38
17 11 19
1 4 2
20 15 48
8 22 37
25 30 2
24 23 40
21 20 38
9 24 35
1 16 14
10 22 26
9 8 18
28 30 21
5 19 5
15 26 18
11 12 38
24 27 10
13 10 11
23 18 6
27 10 31
3 12 6
30 20 23
30 17 32
10 14 21
27 28 28
26 30 32
3 23 8
24 28 47
26 20 6
22 8 26
24 2 17
18 2 18
2 23 41
24 2 34
26 20 49
23 8 40
16 2 12
14 26 11
12 13 22
20 26 30
7 20 1
5 29 14
22 30 36
18 15 40
19 10 31
9 25 28
28 10 20
2 15 7
24 27 29
6 8 15
25 14 6
7 10 24
13 23 45
18 11 50
9 21 11
20 30 5
29 27 15
18 20 49
24 14 7
5 19 44
19 5 39
14 11 38
29 23 1
5 3 8
26 11 35
27 22 44
21 21 23
17 8 32
6 24 35
4 28 3
18 8 19
28 13 30
18 3 4
30 7 28
22 25 41
26 21 22
22 11 4
14 28 4
25 25 39
12 28 38
16 7 15
25 5 29
6 22 1
1 13 13
29 4 13
21 21 15
4 4 2
8 17 45
11 4 25
29 7 28
6 22 5
12 16 11
30 13 34
12 14 26
22 4 41
27 24 13
13 27 37
10 4 25
4 6 14
14 26 36
14 23 28
28 4 35
30 25 38
23 28 41
20 12 24
20 30 27
2 12 17
10 22 19
5 25 16
16 1 14
12 14 14
29 3 20
23 2 30
22 16 44
12 5 47
27 16 16
13 9 17
10 11 38
18 15 25
15 22 17
16 3 48
2 23 20
21 8 17
26 29 12
21 11 18
27 29 25
2 4 1
11 13 13
10 30 19
4 14 1
12 22 45
3 23 28
26 5 35
12 30 3
5 13 25
2 9 14
6 3 5
11 13 9
25 22 40
16 18 35
6 29 48
12 2 6
19 19 36
25 1 3
8 5 40
14 29 30
27 4 2
5 6 14
25 1 23
14 16 35
1 13 13
8 24 6
30 5 35
25 29 27
12 28 41
3 12 13
3 30 25
4 27 10
10 21 22
7 27 27
21 27 31
25 26 27
1 25 16
17 12 9
3 15 39
15 18 50
4 20 21
10 23 27
29 2 28
11 30 16
29 20 24
30 15 49
16 7 36
28 15 17
8 17 21
16 1 10
5 26 9
16 5 24
22 26 47
11 6 27
26 26 46
29 17 32
20 24 40
5 21 4
23 29 2
3 14 3
23 11 20
23 18 15
16 1 14
3 12 29
11 29 2
16 20 41
20 9 44
29 5 5
15 27 33
16 21 18
10 5 8
30 28 27
16 5 48
27 29 49
13 9 49
16 17 18
6 6 6
20 26 4
16 2 18
10 18 33
17 19 49
27 10 28
23 25 43
20 21 43
20 25 2
11 3 14
20 30 27
8 11 12
21 26 34
23 5 43
7 14 11
25 10 11
3 24 7
7 14 20
9 25 6
12 5 20
1 25 25
17 24 42
21 14 48
26 28 4
18 26 27
20 21 28
2 15 2
1 21 10
20 29 41
25 11 46
25 3 22
16 20 25
17 2 18
6 27 48
30 6 23
28 17 35
28 19 9
29 19 39
27 30 20
27 16 2
24 2 30
15 17 5
21 26 16
11 1 6
20 22 19
24 20 16
19 17 24
27 7 4
18 3 25
7 21 40
20 7 22
13 13 20
10 4 15
15 14 36
9 25 7
7 18 18
22 6 46
17 25 22
22 12 36
26 10 29
8 29 45
29 3 9
28 12 42
23 27 7
10 27 1
26 3 49
24 17 36
21 25 20
3 9 4
30 4 22
18 11 10
4 1 3
25 29 36
18 13 42
25 22 8
17 9 3
27 24 41
5 15 45
14 17 23
27 8 49
10 18 11
30 21 34
14 15 32
9 3 10
23 19 27
2 27 15
6 16 19
26 20 33
3 25 31
17 13 50
5 23 17
18 14 28
1 19 15
4 19 8
11 3 21
17 5 7
23 10 42
23 28 23
7 30 19
29 16 22
29 13 6
15 22 31
14 14 11
20 9 29
27 19 32
7 27 28
13 19 19
4 4 10
28 2 7
8 1 5
1 21 7
16 5 40
28 11 33
28 30 13
17 18 11
30 24 7
9 6 15
27 1 23
5 20 22
3 28 34
17 28 44
5 6 8
6 3 4
20 1 1
12 9 9
22 30 44
28 8 10
15 26 2
26 22 42
17 17 1
30 3 48
3 30 43
3 27 18
4 17 30
5 20 8
23 4 39
26 23 48
27 7 5
21 25 7
4 11 41
14 3 29
21 27 8
26 21 35
3 25 13
24 29 4
1 13 11
21 30 10
10 19 48
24 9 42
22 12 15
6 25 47
15 7 35
22 24 46
18 18 22
30 11 10
16 3 44
12 15 3
1 24 19
11 18 1
22 9 12
6 7 34
14 21 7
11 12 30
6 22 40
17 13 10
18 28 5
23 10 9
5 2 3
28 12 2
28 4 50
2 1 2
29 7 8
25 17 22
7 14 13
6 22 45
7 1 6
3 23 14
22 19 25
26 8 7
17 6 2
8 29 22
6 19 20
23 14 26
14 12 41
18 9 34
13 15 14
27 10 8
20 1 17
14 26 4
20 12 21
21 19 31
15 16 30
14 9 23
22 14 46
4 24 34
8 6 38
3 24 49
21 13 41
19 18 46
24 8 19
27 20 10
27 26 5
16 10 15
10 23 11
15 26 4
20 25 41
2 28 44
22 10 28
13 20 15
20 13 12
9 9 24
30 28 19
14 13 20
21 15 2
11 21 10
16 11 26
26 4 13
21 25 34
28 7 3
22 19 28
16 19 28
21 18 35
29 23 30
1 13 4
24 15 44
13 30 46
19 25 39
13 15 24
9 4 2
23 26 40
12 3 26
10 23 45
26 13 20
17 13 22
30 7 17
26 11 8
23 21 33
2 26 39
27 26 5
20 18 40
10 22 12
9 23 46
26 18 8
5 5 23
18 26 41
16 13 23
14 28 44
28 29 21
18 17 36
12 6 45
23 7 26
6 8 42
11 3 13
21 29 14
13 16 1
3 24 36
25 29 13
30 26 23
30 5 41
17 17 8
14 9 15
1 7 1
11 17 18
8 7 26
23 11 3
25 5 18
10 30 26
14 21 13
16 13 18
18 29 44
26 4 34
2 5 10
15 15 39
22 14 7
27 28 28
1 22 4
29 24 23
24 7 14
7 15 36
16 2 26
11 27 30
14 28 26
16 4 20
26 25 45
12 13 12
1 6 5
3 4 2
17 19 5
22 17 11
17 2 16
25 12 1
6 18 8
21 3 2
12 20 48
16 1 13
9 2 8
23 26 31
1 12 9
7 4 28
27 12 49
18 28 21
28 25 28
28 15 22
1 18 15
28 3 43
30 3 4
7 26 21
9 26 15
30 2 50
7 20 13
15 7 33
27 27 37
4 24 2
27 24 49
17 13 24
30 13 38
5 11 13
28 20 20
24 19 13
23 25 2
17 1 10
9 28 37
26 23 40
19 20 25
7 28 37
12 19 1
12 16 42
14 13 41
26 6 11
8 20 25
10 6 37
10 7 14
28 2 39
9 20 28
13 18 27
21 22 26
12 3 11
5 16 15
17 11 42
17 11 11
3 12 34
19 13 4
25 10 45
23 18 16
2 22 20
8 4 13
25 15 9
5 11 6
19 27 29
30 13 39
22 15 42
20 26 44
15 20 33
12 4 18
27 5 25
22 4 38
8 29 45
18 25 35
14 14 4
12 5 6
12 19 23
23 30 38
16 14 17
10 25 2
13 14 18
7 27 41
26 27 1
30 14 26
7 27 31
10 30 7
25 11 15
9 3 25
26 10 50
24 19 26
25 23 41
22 29 8
15 25 44
5 16 9
12 22 8
24 23 17
11 10 30
7 18 34
3 14 42
12 29 34
7 24 19
8 15 47
27 21 13
12 26 11
10 29 24
19 23 7
6 25 18
17 23 25
30 25 20
15 6 19
11 5 24
29 4 48
7 30 41
2 3 2
12 12 46
27 1 14
13 28 24
22 6 27
27 5 23
28 12 11
6 14 15
29 12 30
29 10 9
19 11 1
26 14 14
23 11 6
13 15 45
18 7 10
16 25 37
9 22 50
29 20 33
15 10 4
4 8 13
14 18 26
26 5 49
19 20 11
27 2 16
23 19 34
3 5 8
1 5 1
10 3 10
2 17 10
27 20 19
1 3 2
16 28 13
7 8 12
7 26 15
14 19 46
19 13 32
26 13 46
9 14 48
18 15 6
7 11 45
18 3 29
16 19 8
10 25 47
24 23 3
8 29 23
3 17 15
16 5 19
11 13 32
8 22 38
5 21 40
29 8 2
9 23 2
8 24 36
15 17 21
9 17 21
21 11 17
7 27 3
27 7 25
8 7 27
17 11 37
6 2 12
19 10 40
21 18 43
8 24 2
18 2 20
18 14 18
27 20 4
9 16 33
26 15 49
12 1 3
10 28 12
15 16 34
4 6 15
8 14 8
29 23 9
6 3 18
16 29 35
21 29 42
3 24 18
13 5 48
4 6 13
17 20 4
2 15 12
4 23 45
21 21 19
1 19 6
24 4 21
20 24 20
1 19 6
18 1 2
27 26 35
25 13 17
9 14 1
20 10 35
6 22 18
6 23 26
17 8 31
9 20 34
30 20 24
23 30 45
4 26 10
28 21 34
26 21 50
17 10 41
13 7 12
30 12 26
27 20 46
19 29 5
13 28 44
8 12 33
12 15 21
4 5 13
29 30 23
8 8 24
18 21 30
12 12 11
27 1 12
12 19 41
16 23 30
2 1 2
16 4 30
26 7 44
10 6 14
22 5 43
5 15 15
24 26 47
17 22 19
29 26 7
1 3 2
22 4 22
25 12 15
5 29 44
10 9 39
15 30 5
28 27 29
22 12 24
20 28 18
18 18 3
27 18 35
28 2 11
21 26 12
25 22 10
20 2 8
20 8 20
25 5 28
13 19 39
19 8 19
16 18 6
30 6 46
24 3 19
6 23 24
7 9 48
29 29 31
28 18 38
27 4 15
14 17 23
5 27 12
23 12 1
20 11 46
27 26 50
5 24 32
1 22 19
18 20 33
20 18 32
7 6 18
13 20 14
7 16 50
9 8 43
11 27 45
27 16 42
6 20 45
30 12 17
24 21 16
16 10 35
17 9 41
14 21 12
27 28 37
28 28 36
10 30 14
24 26 19
26 24 21
12 15 42
28 8 33
26 15 22
10 23 50
22 7 33
23 25 40
1 23 23
16 24 28
20 10 6
8 5 31
8 16 5
12 6 24
14 1 4
17 2 34
7 24 40
1 16 9
30 9 19
10 24 42
27 13 33
24 13 27
14 12 25
10 23 42
13 28 42
22 15 13
16 13 48
15 13 6
1 4 2
9 13 37
3 1 3
5 25 16
4 8 11
10 18 12
21 22 31
24 14 45
28 29 7
26 5 49
1 6 6
6 6 22
4 30 47
15 27 1
22 30 18
11 1 9
14 21 39
14 14 24
29 11 4
17 28 18
18 28 35
21 3 21
7 7 25
23 13 18
25 5 39
12 7 9
1 20 11
19 25 16
4 23 7
17 2 22
26 19 34
11 9 48
23 15 26
4 29 29
12 23 25
10 27 33
1 27 17
11 7 46
19 10 31
7 18 24
22 13 22
5 23 42
5 15 19
10 19 47
20 22 30
26 23 38
8 15 24
1 18 2
19 6 33
21 12 30
24 3 42
15 30 5
28 4 41
26 5 21
23 17 12
4 12 29
11 20 11
6 12 48
7 30 33
9 20 24
28 13 19
21 19 48
15 17 13
8 12 37
18 26 3
12 29 37
28 1 14
28 6 7
8 4 19
30 4 48
26 1 9
24 14 41
21 20 9
13 27 21
1 15 6
6 18 7
22 15 47
19 4 23
27 11 18
5 11 12
25 6 34
27 29 27
9 11 47
8 15 33
10 15 9
7 12 36
3 25 22
22 5 26
24 2 48
21 28 18
14 22 15
8 10 5
14 19 37
10 18 21
25 27 48
23 25 21
9 20 26
22 11 30
17 4 43
15 16 21
14 30 12
11 29 24
27 12 42
24 14 31
4 8 29
13 30 3
4 30 22
11 22 12
30 30 47
13 14 43
15 20 14
16 30 42
11 26 5
2 11 8
2 15 5
20 19 37
3 22 26
4 2 1
8 24 29
14 28 14
28 12 23
3 19 24
6 30 22
21 23 2
18 25 38
23 6 29
19 30 40
6 26 4
15 3 24
15 16 16
20 6 27
15 8 47
8 14 46
11 4 35
25 13 45
22 27 32
30 7 32
22 13 17
7 19 1
15 25 28
12 14 43
20 28 13
16 28 26
12 8 41
22 2 19
26 16 20
27 7 26
20 20 50
8 26 40
28 2 24
18 13 18
12 2 13
14 18 34
21 21 4
1 12 5
16 7 32
27 25 9
14 15 28
14 14 46
15 12 7
19 21 32
28 2 43
4 8 28
8 28 22
11 21 3
7 28 31
11 24 38
21 7 2
20 12 45
15 27 18
4 7 28
5 4 12
7 7 38
19 6 18
12 8 40
25 15 47
27 25 10
24 7 9
27 26 42
14 11 50
3 14 24
13 18 31
24 16 20
4 26 5
3 8 13
23 24 39
9 20 25
11 6 11
11 2 12
22 7 18
14 10 41
11 22 30
12 7 28
11 2 3
7 4 28
19 18 33
7 27 35
11 29 30
13 9 23
19 30 10
26 5 11
9 16 22
8 27 28
7 29 11
10 5 34
11 16 44
6 22 30
20 25 8
1 7 1
5 17 7
16 13 22
6 21 39
17 20 35
26 27 35
28 28 39
4 8 22
27 13 40
8 24 46
25 16 22
4 21 1
12 6 43
3 4 5
23 12 36
17 30 44
23 27 41
4 30 21
29 26 13
8 3 5
3 19 34
27 22 14
7 4 2
21 28 35
17 21 8
24 29 7
20 14 44
12 17 5
12 7 31
17 15 5
15 9 36
28 27 7
24 25 32
17 7 32
13 15 44
20 9 2
27 28 47
22 9 13
16 13 50
28 29 46
13 5 46
8 2 15
16 17 29
28 3 8
21 15 2
4 5 10
7 23 49
24 14 38
18 29 42
27 27 20
4 1 4
12 8 17
16 23 36
14 12 48
11 2 11
15 27 29
4 4 15
13 27 34
22 14 2
5 3 15
24 28 30
9 9 29
17 24 4
12 30 35
2 2 1
14 16 15
22 20 10
22 24 36
27 7 12
30 11 34
30 26 1
21 26 12
20 12 35
3 16 10
19 17 26
7 22 1
14 5 32
23 26 17
21 14 43
2 13 15
7 12 20
9 3 27
20 22 39
17 16 44
20 4 42
17 11 23
30 16 17
1 30 24
10 20 7
2 13 1
27 11 33
16 12 17
23 1 14
11 17 45
6 29 28
17 7 30
11 6 17
9 29 47
2 8 6
30 9 11
10 27 43
24 13 4
2 27 7
23 7 33
7 12 43
17 20 10
28 30 35
25 8 3
13 1 3
20 22 11
2 23 27
25 17 11
28 10 27
24 3 35
29 1 8
1 9 7
2 29 16
9 23 5
21 5 47
3 16 48
15 18 1
23 12 39
6 1 2
14 17 42
21 15 25
8 7 5
15 9 13
12 17 17
17 29 13
5 23 9
23 29 18
25 14 29
13 19 1
2 24 7
16 14 21
22 22 50
6 28 28
11 9 46
7 17 6
30 22 41
30 6 9
17 30 12
7 12 12
27 5 38
4 20 21
16 3 44
5 1 1
24 11 10
29 17 26
17 8 49
27 7 24
5 15 3
19 21 26
20 18 21
7 21 32
30 28 35
13 3 9
24 26 47
5 17 33
2 3 3
21 29 41
6 25 36
29 13 26
16 25 13
16 23 35
20 14 13
26 27 47
2 12 2
18 8 10
12 9 44
14 21 2
15 27 49
30 17 41
27 2 47
20 10 2
16 29 25
10 24 13
6 25 16
12 4 3
11 15 22
5 29 2
18 5 8
26 26 46
9 22 38
7 3 17
28 19 37
3 20 10
17 18 16
13 29 49
15 9 45
26 5 15
20 23 49
9 10 34
15 18 48
14 25 50
22 14 30
28 8 50
27 25 9
4 7 11
14 13 37
8 1 6
23 20 46
11 20 35
17 4 25
14 9 11
5 30 44
15 27 2
14 15 48
14 18 46
20 23 38
26 1 8
29 23 29
16 25 39
13 3 32
27 8 23
27 13 42
2 27 21
23 2 7
22 15 45
27 26 7
15 13 47
24 12 31
15 19 8
25 1 10
30 27 38
22 15 42
6 9 48
8 1 1
2 15 7
28 11 42
25 17 14
13 3 17
24 17 46
21 3 36
12 2 1
11 16 41
22 13 9
29 20 22
21 13 26
27 11 18
28 27 35
4 9 1
20 24 25
17 6 17
15 18 28
1 28 11
23 12 25
2 10 6
25 23 49
2 19 29
19 9 7
15 4 47
21 15 41
27 2 46
13 8 25
1 8 5
25 30 6
2 23 21
27 9 49
5 10 50
7 21 40
13 27 33
20 18 49
12 6 32
17 19 19
24 11 26
28 5 46
13 6 40
21 25 29
30 21 38
11 28 40
30 10 17
14 21 46
4 2 3
26 11 1
24 4 21
30 1 18
27 5 3
8 25 19
6 16 40
6 18 7
25 9 26
3 14 25
28 18 10
21 13 10
1 28 21
14 27 15
1 15 6
15 23 48
24 20 33
23 25 3
19 12 41
16 14 35
26 4 32
16 24 16
7 16 3
10 29 22
26 21 18
17 28 30
16 21 40
30 5 36
2 15 17
13 22 21
7 18 24
10 3 19
25 9 6
7 10 7
30 28 17
8 6 16
7 21 6
18 20 40
24 22 4
2 4 6
2 2 1
27 11 47
15 5 17
11 3 29
27 25 24
25 2 19
29 30 21
14 18 10
26 3 41
29 4 6
16 28 37
20 24 19
26 1 25
3 11 5
11 29 32
16 23 43
26 13 44
26 19 23
15 14 17
18 4 31
23 20 40
22 1 13
30 19 23
5 13 25
4 23 25
5 8 10
29 25 12
14 20 50
17 26 45
13 13 49
5 28 40
24 19 22
29 10 40
3 14 32
10 17 26
14 13 5
3 3 9
27 17 38
8 3 24
3 7 19
23 12 25
24 5 35
25 25 15
15 28 28
8 7 7
24 20 29
8 15 44
17 11 42
6 10 46
29 4 22
19 26 3
13 11 30
18 6 14
2 12 13
21 19 9
19 12 19
8 12 5
13 28 27
4 3 2
19 24 30
2 12 23
27 16 8
26 25 5
11 18 36
24 9 14
12 27 18
12 26 49
18 30 28
4 3 10
22 13 17
13 7 18
29 3 26
18 20 20
12 22 18
9 15 46
25 19 14
22 22 2
22 10 1
11 5 6
2 26 10
9 8 36
18 29 40
13 8 49
3 20 31
2 20 27
17 14 17
12 27 49
25 18 20
16 28 6
23 22 44
12 30 11
30 9 21
19 22 29
20 16 40
20 17 39
18 25 43
5 28 19
5 23 19
6 8 44
11 30 9
4 3 8
27 24 39
17 13 22
7 2 7
16 13 25
15 30 9
19 26 46
27 30 38
7 5 32
15 8 48
13 11 33
25 29 26
23 16 20
26 14 13
22 30 35
18 6 7
16 24 44
3 20 44
13 19 30
21 3 7
29 7 20
23 1 1
18 15 5
18 10 29
10 23 40
7 10 25
25 17 28
8 20 19
13 24 17
15 14 39
23 4 48
12 26 50
22 14 35
8 23 26
16 24 49
7 22 30
11 16 27
30 16 38
9 20 1
27 4 6
18 27 50
15 30 15
4 13 30
30 21 12
6 28 26
26 5 7
25 7 15
3 7 1
30 15 31
12 3 13
30 20 5
29 4 16
23 30 29
23 29 49
6 26 8
13 21 42
20 8 29
26 10 47
17 2 7
19 5 45
25 4 35
19 24 30
5 17 29
3 1 2
13 28 23
20 11 46
24 22 13
4 17 4
20 25 7
4 13 24
28 8 7
4 18 11
14 22 49
22 16 1
21 20 30
16 2 10
1 17 17
15 20 19
30 1 3
17 4 38
30 23 35
8 27 4
10 2 18
20 15 25
22 6 5
22 13 8
1 13 1
24 19 33
24 18 35
27 4 40
26 25 42
2 25 30
25 26 33
2 16 18
17 29 35
13 20 27
10 13 1
23 28 19
17 21 36
11 9 10
30 4 16
3 5 10
25 30 8
17 23 3
16 1 9
20 13 33
28 22 7
18 6 24
26 22 4
22 2 33
13 23 8
28 18 3
30 12 44
27 20 38
1 28 5
3 9 26
17 7 5
13 24 10
28 12 12
4 3 9
18 7 48
5 26 15
19 25 28
2 13 3
30 5 16
28 30 7
30 8 13
24 13 38
24 10 49
15 13 33
21 30 49
28 27 15
14 15 41
3 9 23
12 30 2
9 19 41
15 18 41
19 12 3
9 27 4
17 3 49
12 23 40
20 21 36
16 26 43
7 21 1
24 24 50
15 2 28
28 9 7
18 19 28
12 27 26
7 6 38
15 17 21
15 28 13
2 14 14
4 20 10
14 5 13
15 19 27
4 8 1
11 25 15
20 28 42
26 5 39
3 19 35
25 25 32
7 27 45
7 22 16
18 28 30
1 12 11
7 16 38
13 26 15
7 15 22
20 2 18
8 5 9
12 29 3
6 28 21
12 26 45
8 13 22
29 5 5
9 11 40
19 23 37
23 22 24
16 3 3
14 11 1
22 14 20
16 11 49
29 23 36
3 30 38
4 20 23
8 21 15
20 9 20
18 23 3
1 30 5
8 5 25
18 18 21
19 4 1
17 2 19
24 26 44
22 21 6
16 20 26
12 9 46
1 19 3
25 11 49
30 18 24
6 6 21
26 24 36
19 3 49
11 26 34
17 9 14
12 16 44
27 20 14
4 12 6
3 7 11
1 6 4
4 11 23
17 7 5
2 25 7
11 27 44
14 13 5
30 16 12
5 4 11
10 7 33
4 9 15
8 10 46
21 5 26
10 21 34
14 23 20
12 3 13
27 8 33
21 7 9
15 11 42
27 21 31
29 16 49
29 23 50
26 13 5
12 14 17
17 27 19
17 8 13
27 27 33
19 9 39
27 23 32
1 20 14
11 10 31
21 1 13
3 26 17
19 29 43
25 16 39
16 24 19
30 20 25
22 8 13
13 27 48
6 19 9
11 21 28
1 11 7
5 13 6
13 23 34
5 18 1
24 3 24
4 24 45
10 16 43
2 28 31
1 25 24
19 5 29
17 5 21
28 9 26
13 21 48
19 26 5
1 11 9
15 6 3
9 15 40
3 8 19
15 9 21
23 27 25
21 5 11
14 3 9
19 7 31
16 17 28
23 18 20
1 24 9
25 24 21
4 27 19
2 3 5
2 26 25
28 8 22
20 21 36
20 9 24
3 17 21
10 9 30
12 1 3
18 26 46
9 29 44
29 1 21
27 24 2
13 14 41
4 25 32
11 15 2
25 17 48
17 18 26
26 29 7
28 17 44
15 17 22
29 7 14
15 3 20
18 7 25
20 3 29
21 13 43
23 29 49
2 15 29
28 10 47
16 29 35
29 14 13
2 12 1
28 18 13
17 27 30
11 16 22
29 29 24
24 13 13
4 14 9
2 11 1
21 18 27
25 8 20
30 10 13
18 29 50
23 15 38
12 17 14
3 7 20
28 30 36
22 26 29
1 27 18
19 17 19
27 4 19
19 3 38
21 12 48
3 4 6
10 7 20
25 9 38
8 29 28
3 20 45
4 20 13
15 30 32
5 27 35
3 7 11
2 27 42
29 29 8
2 1 2
21 25 35
9 25 43
18 19 2
22 22 24
6 6 27
7 11 41
11 13 37
1 7 1
3 5 14
22 7 36
25 19 21
29 19 37
23 6 15
15 19 37
10 25 22
4 1 2
25 4 19
13 26 35
28 20 39
4 11 27
9 28 36
1 26 6
17 19 42
14 25 2
10 4 8
11 29 49
7 23 4
15 28 29
29 17 21
9 12 31
26 13 28
23 5 46
8 14 26
21 27 22
23 6 7
10 8 25
20 14 20
25 28 27
26 18 45
16 27 37
16 14 39
6 28 23
21 27 28
16 18 14
27 2 19
25 3 17
29 15 2
18 9 42
4 4 5
29 19 27
27 27 32
7 2 7
21 14 28
19 21 47
12 9 30
11 3 17
9 1 7
20 19 25
13 14 10
2 4 5
30 30 47
12 6 10
12 27 25
1 15 15
29 18 3
28 28 45
22 28 17
7 10 35
23 22 31
13 15 44
5 15 16
1 26 23
12 29 19
6 22 5
12 12 3
4 10 2
20 1 10
28 29 39
25 22 12
5 26 47
18 30 21
23 22 18
26 25 8
24 22 19
29 3 1
13 6 32
24 17 14
3 14 32
13 8 5
15 4 50
23 22 41
23 6 24
2 23 40
9 9 19
30 29 23
2 11 18
13 4 6
16 7 2
9 11 39
24 25 3
25 9 36
18 1 9
1 2 2
1 3 2
21 2 6
14 3 16
3 7 10
1 14 11
12 22 26
22 7 42
6 24 41
3 11 9
6 3 3
15 25 19
10 16 20
25 21 24
28 15 10
26 15 45
23 26 38
30 10 47
23 15 20
25 18 2
28 15 14
24 29 21
22 8 38
13 24 38
28 21 42
19 8 9
23 22 36
2 13 11
18 6 50
27 30 27
30 27 3
6 12 11
6 25 10
13 29 13
2 26 35
5 14 14
23 28 46
29 30 8
13 17 43
4 6 19
12 27 1
4 2 7
24 7 9
13 11 48
25 12 25
19 17 49
5 9 8
20 29 19
9 4 34
12 7 23
28 19 49
18 14 41
4 8 5
23 12 22
2 29 33
6 9 1
16 13 32
24 24 10
22 3 5
29 6 12
3 3 9
4 12 37
6 16 4
14 8 18
25 1 8
10 6 6
10 22 31
3 7 18
25 20 46
19 11 41
12 13 3
23 16 35
10 21 20
25 27 19
14 13 29
1 14 4
27 16 9
27 18 45
20 12 7
8 23 37
8 4 25
3 19 29
9 28 29
30 14 37
20 28 22
18 28 17
5 16 22
14 4 22
20 16 25
16 23 37
14 22 21
25 16 39
13 24 48
13 23 3
2 12 4
25 21 10
1 26 9
15 1 4
16 20 4
12 28 38
9 11 39
1 27 25
11 1 11
10 14 15
22 7 26
24 1 19
23 1 17
29 15 26
9 22 45
4 4 8
13 4 25
22 26 33
8 28 34
9 7 7
3 20 43
1 5 5
19 19 35
24 10 32
29 18 25
15 14 38
29 26 13
15 9 20
27 8 47
10 17 45
28 19 15
22 19 31
16 29 50
3 22 49
4 12 6
10 27 41
20 17 27
2 1 1
2 27 3
28 29 9
15 26 9
21 18 30
1 25 13
22 27 2
30 22 43
18 2 19
10 21 37
6 14 47
3 15 21
15 5 4
5 19 41
5 9 30
24 9 35
12 1 3
5 22 35
17 1 3
18 11 38
26 8 1
5 10 46
10 16 22
5 12 20
25 17 10
25 10 20
11 13 2
23 17 4
27 26 6
2 5 8
19 30 6
12 4 23
27 5 3
8 9 4
29 26 22
28 20 32
19 22 26
11 14 5
16 11 10
21 4 4
29 15 25
6 26 19
22 14 15
24 13 14
30 11 9
21 30 30
14 10 11
20 20 44
26 5 16
5 18 12
10 16 16
14 13 33
14 4 6
19 20 10
24 19 12
2 1 1
13 7 12
23 26 32
8 13 38
26 17 35
17 18 22
14 1 14
6 7 24
3 17 29
12 10 29
23 3 9
25 15 5
6 29 42
29 6 24
27 23 12
3 9 11
17 14 42
12 19 28
3 13 14
21 24 25
19 16 7
10 2 11
14 8 49
28 6 16
1 24 1
5 19 49
3 27 45
16 8 43
13 11 8
18 23 41
2 12 7
18 21 30
10 26 19
8 23 7
26 16 32
6 12 30
16 14 26
10 30 26
23 4 18
10 14 32
12 15 43
30 25 15
12 4 1
22 12 47
8 7 22
10 4 23
21 19 19
29 29 40
6 13 35
15 14 38
16 25 23
21 17 49
15 20 22
19 11 43
16 11 31
19 12 14
4 2 7
24 22 13
13 27 15
19 3 8
17 19 32
21 9 50
19 15 39
20 4 22
25 19 2
27 7 13
3 2 2
5 25 50
19 7 28
23 18 41
10 4 9
13 24 7
25 4 21
3 23 16
6 9 34
27 6 3
21 8 14
9 4 1
18 22 17
15 6 34
7 15 29
25 19 24
13 13 17
16 8 32
21 13 12
7 10 37
29 22 26
14 30 19
24 9 32
11 24 27
6 22 13
27 17 22
10 21 4
19 6 1
20 27 34
21 25 5
20 23 26
25 28 36
26 22 36
17 24 49
6 21 21
8 17 19
29 27 49
25 15 37
27 26 45
20 8 9
6 19 33
22 14 30
29 1 2
14 9 36
15 14 47
7 22 3
7 12 31
27 6 45
23 25 32
7 14 2
15 12 40
29 25 25
19 15 25
21 20 24
17 4 47
25 2 10
27 8 34
10 5 21
14 19 25
28 26 31
19 2 8
28 1 18
13 11 50
19 1 10
12 9 45
11 3 5
22 22 46
15 1 7
6 6 16
12 25 27
2 13 5
3 3 9
20 15 41
29 3 41
20 7 22
6 9 26
23 30 7
18 15 49
1 12 7
3 23 31
29 17 6
19 19 8
9 9 14
9 29 48
2 10 4
25 15 22
20 8 24
29 17 20
7 18 33
5 20 35
6 10 11
11 29 2
10 7 42
23 8 32
30 9 42
6 3 6
19 14 7
24 12 4
13 11 3
5 15 24
12 12 43
4 22 31
15 23 18
18 15 45
20 7 5
23 4 19
2 14 2
19 8 46
22 20 16
4 17 22
27 28 44
21 1 13
22 16 10
21 25 24
5 14 32
11 28 17
11 30 1
24 18 8
11 1 11
16 26 35
28 14 22
21 4 35
27 25 22
18 15 26
2 11 16
5 13 29
12 23 40
24 9 17
21 19 17
21 27 42
8 16 15
29 28 29
13 24 15
26 4 40
12 5 2
3 1 1
13 4 19
23 27 7
11 9 18
8 30 14
21 7 19
18 27 26
18 2 27
4 27 14
13 30 30
17 2 11
11 15 46
19 29 13
28 9 11
25 8 2
10 29 18
18 8 37
15 17 40
5 20 46
21 25 36
2 11 3
14 21 35
30 1 23
12 20 42
24 14 39
6 23 49
15 2 28
21 16 34
20 13 6
8 3 14
25 4 42
13 10 12
8 9 24
22 12 34
15 5 9
16 10 14
6 25 15
4 7 11
9 19 17
4 26 1
15 20 26
6 24 45
9 23 3
5 15 14
20 29 39
18 14 30
23 20 4
30 15 3
22 15 11
10 11 26
30 25 37
15 23 30
10 23 43
4 27 39
18 16 9
28 4 43
17 18 44
23 17 50
5 30 44
5 9 14
22 8 9
20 23 13
19 24 5
3 27 12
23 6 17
12 3 16
6 12 22
19 4 48
8 30 8
11 4 16
17 17 24
25 6 8
9 16 13
23 11 39
26 25 7
23 6 49
6 11 50
7 21 15
17 28 44
4 1 3
21 17 5
24 3 2
3 11 5
27 25 2
18 21 36
14 5 32
12 2 12
14 1 11
18 17 32
22 20 24
20 10 42
27 26 44
30 20 46
19 17 1
10 4 11
26 17 25
9 20 46
2 3 6
16 21 4
20 4 43
15 23 45
27 11 32
10 11 13
26 29 1
28 1 14
28 18 22
24 26 14
21 19 6
19 27 18
2 16 7
27 22 28
1 18 14
14 20 48
16 15 9
19 4 11
24 23 38
16 16 25
11 6 3
8 24 11
26 18 26
30 14 28
27 6 7
5 19 6
14 26 22
14 14 5
14 30 27
1 7 5
27 17 10
20 24 25
30 11 12
18 11 15
27 7 30
15 11 40
1 17 13
22 30 33
9 14 2
25 6 38
19 3 4
10 14 10
16 5 20
18 14 30
24 10 19
6 17 11
27 17 7
14 30 17
29 8 2
12 25 47
10 5 29
15 6 2
6 21 27
16 8 30
27 24 42
15 29 20
28 17 16
4 1 1
2 21 1
13 2 9
22 3 17
10 18 22
4 15 2
2 30 22
13 19 47
26 25 5
25 22 41
2 26 13
9 19 5
15 2 27
7 15 39
3 24 28
4 19 43
17 20 4
30 25 42
6 20 27
2 15 10
15 8 25
19 16 14
14 22 37
10 28 41
30 22 6
30 17 35
14 26 6
19 25 50
13 1 2
1 2 2
10 16 5
7 5 26
22 10 24
30 11 4
30 10 15
7 1 5
3 6 3
11 17 13
20 29 43
11 29 7
30 30 42
5 6 18
17 19 37
20 18 17
13 9 49
20 16 11
13 10 49
1 20 15
13 10 3
26 12 43
2 12 24
15 8 10
25 24 28
13 13 48
12 18 6
12 7 11
4 19 3
2 19 26
16 23 3
20 18 27
14 11 10
8 18 7
29 4 30
16 16 4
5 19 33
11 30 31
23 26 31
15 27 39
27 5 22
9 24 21
17 30 44
6 7 21
2 5 6
13 12 1
29 17 42
1 27 24
2 19 36
12 26 45
3 22 1
16 22 24
8 9 15
11 6 21
23 8 5
8 12 49
1 10 5
12 3 5
14 26 33
4 7 14
28 1 7
18 8 23
23 16 33
28 26 38
30 11 47
7 18 39
25 10 20
21 21 22
13 27 27
15 30 16
13 19 28
23 28 36
17 12 13
19 9 48
19 1 18
25 7 8
5 1 4
17 21 12
30 25 48
9 9 9
24 21 39
23 6 36
30 22 27
22 3 28
2 21 16
21 7 24
20 4 26
29 20 8
20 11 22
29 19 2
7 4 1
25 27 20
2 26 33
28 18 5
25 19 27
14 1 10
9 21 49
26 19 10
3 30 50
26 28 49
20 26 24
4 12 14
15 13 18
17 10 37
14 27 7
30 10 7
15 11 47
25 6 17
16 1 2
18 18 25
8 7 20
1 2 1
21 16 3
20 3 5
6 8 25
2 7 12
28 14 12
7 30 18
25 16 18
21 25 37
27 2 24
7 2 9
27 14 31
22 25 5
26 30 42
18 23 20
11 13 35
23 19 35
2 5 2
11 17 26
7 14 17
2 20 40
7 8 16
19 29 40
25 16 40
8 3 4
27 6 46
22 28 6
16 21 21
9 1 5
4 29 20
22 1 7
3 29 9
28 17 47
18 3 25
29 10 19
2 6 6
10 19 1
5 26 23
5 4 3
14 7 34
13 20 34
24 23 22
12 20 30
20 29 12
14 19 11
3 13 14
26 22 7
9 26 22
11 23 26
6 6 18
29 18 46
14 3 16
5 14 49
4 4 16
27 17 28
7 11 30
14 7 11
2 15 17
24 17 1
11 22 46
4 20 35
9 3 15
28 29 3
7 24 38
6 20 47
15 18 47
15 24 13
5 25 49
13 10 26
13 20 47
10 24 49
25 24 13
4 22 12
26 20 27
14 17 19
10 1 6
8 15 11
21 12 16
1 16 1
6 29 45
3 30 40
3 24 15
5 19 26
28 15 27
15 20 23
13 21 44
20 28 18
21 10 11
8 11 47
4 16 27
20 10 46
29 12 42
16 9 30
1 6 6
28 12 35
2 24 7
15 6 15
5 26 34
5 25 44
13 28 20
19 18 11
25 8 13
8 23 43
17 16 8
3 5 5
7 6 5
24 13 2
8 17 37
1 13 8
27 18 21
8 6 8
28 22 7
22 29 12
24 8 37
24 10 13
13 8 8
9 23 22
11 30 20
29 23 13
12 19 2
14 18 7
3 15 6
21 29 11
24 22 28
12 15 49
4 19 9
24 20 41
25 30 13
5 20 5
19 23 15
20 6 12
18 30 8
8 13 16
19 6 30
28 18 6
17 13 37
5 6 16
7 23 27
9 27 26
3 7 1
29 26 46
12 13 36
10 13 40
27 1 16
28 20 4
14 28 19
10 2 6
17 9 18
23 9 46
18 12 12
28 2 19
14 14 22
21 15 6
10 3 18
26 1 15
22 6 25
30 7 8
5 23 8
25 15 37
10 24 50
24 22 11
2 27 36
15 9 32
10 10 15
27 27 17
4 18 44
30 9 30
27 6 2
25 22 38
23 1 9
2 24 12
4 18 2
20 2 20
11 12 19
27 8 26
5 3 5
18 2 30
7 29 21
10 15 2
27 7 24
30 30 50
15 3 42
27 14 40
8 17 31
7 13 1
24 18 15
20 27 47
25 4 7
27 5 3
20 24 21
6 15 10
7 29 32
3 25 28
14 3 2
15 1 11
7 16 35
1 27 26
19 14 47
27 2 41
19 22 36
9 19 40
28 25 39
12 19 35
9 2 15
22 8 39
9 14 46
6 7 11
7 17 8
3 14 19
25 2 12
11 3 14
10 30 16
30 3 24
15 3 33
23 16 5
24 25 11
1 22 3
5 28 45
22 22 28
11 8 12
4 18 14
24 20 45
21 19 40
15 25 22
2 18 22
18 3 14
18 3 45
8 8 24
23 21 47
12 23 4
3 27 34
26 12 23
3 2 5
12 8 38
15 1 5
4 19 19
17 28 11
13 6 30
28 20 31
4 1 1
18 4 1
11 21 44
15 15 26
7 26 23
24 11 14
20 6 4
18 23 1
11 27 18
10 25 47
22 20 18
27 7 43
19 9 35
23 23 40
28 30 47
2 15 19
7 5 20
22 14 39
13 24 25
22 26 41
29 17 31
28 13 49
30 24 30
6 16 42
5 5 3
14 28 50
2 27 6
26 18 39
26 30 15
23 14 10
13 12 6
15 1 11
16 22 14
25 27 21
18 24 35
3 7 7
2 30 30
27 18 28
27 13 29
21 5 2
10 18 45
16 24 25
18 9 36
13 25 15
23 5 48
29 7 36
24 30 5
24 26 12
3 14 25
11 5 29
25 6 8
11 13 14
6 30 44
13 12 29
17 26 15
6 16 1
1 10 10
26 3 37
29 5 30
23 7 36
14 23 12
13 4 14
28 1 22
22 5 37
2 14 13
16 19 40
6 12 9
17 29 33
23 27 37
4 12 4
20 17 40
11 21 35
14 19 17
17 2 12
16 25 17
10 10 45
19 7 48
8 23 28
20 7 47
29 10 50
6 29 18
27 9 8
22 23 38
8 1 5
21 8 23
17 17 24
24 28 50
11 27 44
11 8 42
7 28 24
6 3 16
13 22 3
2 13 7
10 12 29
10 3 7
5 11 23
8 4 14
10 7 38
25 17 16
17 23 23
10 20 18
23 24 39
15 25 23
13 4 34
12 6 48
18 10 29
2 17 16
6 26 28
13 21 26
28 29 8
11 30 29
10 14 2
8 29 37
10 3 22
23 14 7
23 23 16
11 17 23
2 22 20
22 4 32
27 24 22
17 26 21
17 5 5
19 12 25
7 13 9
28 27 35
17 19 47
22 21 25
6 15 18
8 6 6
29 24 27
3 2 4
5 19 48
29 29 11
5 5 20
14 2 21
28 18 22
26 2 42
3 29 16
30 6 23
15 27 37
1 29 22
26 3 48
3 24 28
5 20 42
11 25 16
22 22 5
13 10 26
16 4 5
12 3 4
4 18 8
12 10 36
22 6 31
11 30 46
29 27 5
12 7 20
27 20 23
14 24 12
9 10 17
25 21 50
9 16 29
26 28 30
4 19 37
14 21 49
9 19 27
15 23 15
24 19 45
17 2 12
10 3 29
7 19 11
28 27 27
28 15 26
29 18 26
28 23 26
26 23 7
4 7 25
18 23 49
14 9 33
12 10 35
2 8 11
13 27 42
1 24 10
16 15 5
11 12 7
18 29 31
14 2 1
24 19 19
23 25 29
15 6 21
1 29 12
5 3 5
28 3 10
5 18 34
29 20 7
7 8 25
7 13 16
6 29 47
26 21 11
17 27 48
17 27 48
24 23 21
20 21 43
10 17 43
5 8 34
12 6 23
8 13 36
6 10 46
22 5 46
24 21 22
23 29 10
20 23 22
12 4 16
15 5 31
19 10 10
12 13 45
5 20 19
2 25 10
27 8 35
4 23 27
7 15 8
6 27 32
19 8 45
23 14 10
5 24 11
16 6 3
10 2 2
9 25 9
8 13 36
4 8 1
13 14 25
20 11 33
11 29 3
27 13 28
26 17 2
26 2 19
30 4 2
2 4 4
12 3 18
7 29 49
17 3 42
4 22 12
16 24 32
28 12 5
16 8 13
27 25 17
27 25 10
28 18 15
15 29 37
14 27 15
12 6 27
15 9 30
28 24 5
9 14 47
25 21 16
20 17 22
16 5 16
7 2 5
23 16 25
19 21 34
6 2 3
24 8 49
26 5 12
12 5 47
10 22 27
15 11 5
29 18 49
6 16 10
1 8 5
7 18 15
10 23 28
10 9 5
18 26 11
12 7 28
10 17 9
7 23 21
11 21 28
20 27 43
21 19 32
8 25 29
22 27 4
22 6 32
28 16 49
9 19 5
16 28 3
6 4 12
6 7 6
23 18 14
17 30 4
18 7 29
28 21 27
1 12 4
4 9 7
2 9 17
7 16 47
11 13 2
16 18 20
26 2 47
1 10 7
25 19 43
5 17 5
11 17 6
14 13 7
25 14 17
23 12 15
11 23 7
3 30 15
14 25 18
21 26 8
19 12 16
23 16 22
18 18 31
23 1 19
21 17 46
28 2 10
4 12 28
30 6 11
14 12 48
14 2 13
1 12 2
28 4 1
12 21 38
12 6 30
16 18 9
3 7 19
2 10 3
23 10 41
6 15 22
13 28 5
7 20 36
20 18 9
2 29 32
9 10 9
30 17 46
8 19 13
17 21 24
22 5 33
24 10 10
15 14 17
21 20 17
16 1 16
6 2 8
9 2 15
17 2 1
5 9 34
29 18 31
2 1 2
7 24 27
26 30 21
4 20 10
10 5 23
17 2 2
30 11 48
6 19 29
6 23 9
17 13 8
9 15 38
14 13 41
13 8 40
25 11 39
26 13 25
28 29 9
24 21 21
21 26 19
11 24 4
9 2 2
17 10 42
24 16 4
17 28 33
16 22 44
27 17 8
3 7 14
11 30 26
21 20 14
12 30 7
25 30 28
12 16 9
6 2 2
11 18 13
24 25 34
9 13 23
6 16 49
1 26 12
9 9 29
4 20 10
22 14 21
11 17 19
9 22 40
23 3 29
25 26 25
11 4 26
5 1 3
5 23 30
4 23 28
14 26 47
15 17 42
15 27 49
23 28 10
24 20 34
12 6 1
17 8 6
26 12 6
28 16 49
17 11 11
15 24 7
23 8 45
15 15 4
23 7 41
14 23 2
30 4 47
10 12 17
8 7 30
13 26 38
11 5 8
24 11 24
2 3 3
26 17 37
9 1 1
11 7 48
2 28 33
21 29 7
17 6 35
16 19 1
23 21 35
3 14 27
6 15 39
8 3 24
17 3 40
2 14 14
9 15 45
11 27 44
17 13 31
22 21 11
14 5 32
10 29 7
16 4 44
24 4 36
11 20 38
21 21 43
20 21 48
25 1 6
20 10 31
20 23 1
1 28 27
24 7 6
30 22 21
13 7 44
20 18 13
8 30 5
30 19 15
29 5 26
17 24 47
17 6 11
29 28 18
15 21 6
22 12 37
3 17 5
8 6 32
11 5 23
25 27 44
30 17 8
27 3 14
25 19 41
15 9 48
24 16 20
9 7 11
7 1 2
11 9 25
25 11 21
29 27 49
14 18 6
12 14 50
17 30 11
27 6 39
26 29 44
15 29 33
7 5 25
16 8 13
22 24 15
24 14 32
23 28 29
30 1 5
1 17 17
21 5 22
12 30 30
17 6 29
21 12 5
26 27 14
30 10 7
15 4 11
18 18 18
8 17 40
12 9 36
8 30 2
9 3 4
30 11 46
20 2 9
15 19 38
30 18 7
9 24 42
9 11 41
28 19 7
17 22 48
14 29 19
15 29 11
7 29 23
4 10 14
4 24 22
1 16 12
30 24 35
23 24 6
4 13 46
22 21 37
19 4 28
7 10 36
19 8 46
12 11 36
5 14 11
9 7 36
22 6 19
6 28 22
23 23 14
20 15 34
17 3 19
4 10 40
11 28 17
9 1 8
24 6 3
16 6 39
2 19 30
2 16 21
26 9 18
1 20 12
27 6 16
17 1 14
17 12 35
23 12 45
2 5 2
24 12 19
14 13 9
1 7 5
15 24 5
22 24 14
5 20 2
21 7 42
7 23 25
13 7 46
20 8 42
23 23 24
24 28 28
12 28 24
16 13 37
20 26 33
14 23 42
5 13 40
18 11 44
13 16 23
10 5 32
12 19 25
25 12 44
12 24 12
28 9 36
6 21 31
8 26 25
22 22 29
3 9 22
29 13 7
1 23 10
2 4 1
18 20 23
2 23 42
13 20 46
20 18 48
30 17 23
17 30 24
15 3 20
24 23 7
10 23 9
22 16 44
23 4 33
5 5 6
2 9 3
29 28 14
17 19 21
21 5 50
17 20 44
21 5 46
7 7 26
16 20 26
19 12 9
4 8 13
19 1 8
15 22 24
29 30 24
21 20 11
12 6 10
28 26 36
13 25 42
13 2 22
20 12 45
30 15 25
6 3 13
20 18 28
15 8 47
28 20 17
8 1 8
29 28 32
17 3 26
10 7 7
23 26 18
18 25 43
4 30 37
20 11 36
28 25 3
4 14 14
22 22 17
16 12 6
27 28 28
24 8 16
30 30 41
9 9 17
3 12 32
30 2 28
5 29 24
10 24 30
3 16 25
19 1 2
25 19 22
24 12 1
30 11 30
22 11 9
9 14 12
16 13 23
26 17 23
21 26 7
30 29 42
22 9 44
18 3 42
19 19 13
19 18 15
10 9 15
10 17 8
22 25 32
26 12 19
29 24 26
17 16 16
20 29 5
23 16 49
6 4 5
30 14 6
26 24 25
10 3 13
30 24 9
1 12 8
11 10 16
17 18 23
4 7 23
8 21 27
29 18 50
7 17 16
3 12 17
29 13 13
3 4 5
2 5 10
25 7 1
12 15 10
14 19 8
15 18 38
23 16 47
4 15 45
29 17 48
9 7 20
14 9 24
4 2 2
5 27 36
15 30 41
26 14 21
13 20 28
12 12 16
28 15 10
22 6 18
19 14 14
20 19 4
25 22 48
26 26 16
12 2 9
4 27 50
6 9 29
3 20 42
8 9 39
19 22 34
16 2 1
11 22 38
7 8 29
4 4 15
19 7 38
25 2 15
15 7 35
15 9 35
19 9 15
7 27 17
22 5 38
20 15 1
7 13 31
8 16 14
4 26 40
1 13 3
17 19 17
12 3 13
18 13 15
2 11 2
30 2 6
30 22 32
20 20 5
10 19 22
25 22 48
24 15 10
16 1 12
14 4 22
21 13 47
5 7 7
8 6 31
23 5 32
7 17 43
11 18 32
22 13 45
21 28 19
2 6 10
1 19 9
3 9 6
1 14 4
17 21 33
27 6 10
20 12 8
3 14 25
26 27 19
10 10 39
1 11 11
14 12 12
30 6 1
21 6 46
18 14 18
13 11 25
12 30 48
19 24 41
5 19 30
26 21 9
14 21 41
29 26 32
10 17 9
22 30 16
9 17 20
9 21 40
13 24 11
21 12 25
3 9 8
12 4 11
30 9 27
21 7 42
14 8 9
5 22 30
30 22 28
9 30 39
28 13 22
9 3 19
5 5 9
27 9 39
24 30 39
10 12 47
22 26 26
12 22 29
1 21 15
28 30 12
8 19 34
20 19 18
5 23 5
20 12 25
30 5 34
10 6 26
26 27 33
3 30 14
2 22 20
14 12 15
25 19 46
19 8 36
28 4 9
4 15 32
18 6 28
2 15 3
27 2 12
1 27 19
4 28 25
19 11 6
26 5 34
21 15 34
26 5 39
16 8 36
9 18 11
28 19 8
23 7 21
14 7 27
26 2 6
22 12 6
7 7 5
3 27 49
28 15 43
18 22 31
23 1 23
26 20 48
5 12 36
7 17 34
14 13 5
1 26 18
29 3 45
1 27 7
9 16 9
22 3 11
4 26 13
3 13 22
12 17 24
27 15 20
10 20 34
16 21 40
3 19 44
19 19 32
2 19 25
20 2 9
30 27 6
24 29 20
16 2 18
11 20 13
22 21 42
8 6 28
27 1 16
2 19 16
25 12 41
11 2 10
21 23 1
19 9 11
28 24 3
16 26 12
18 17 23
1 24 4
5 12 2
26 5 3
20 29 14
2 1 1
15 14 12
25 2 20
26 21 15
20 6 22
3 15 35
7 16 14
9 12 27
10 7 44
14 18 44
30 19 17
8 26 10
9 20 33
10 7 3
26 18 19
29 21 45
19 27 20
24 5 41
2 7 14
15 12 9
11 11 18
7 19 33
8 19 4
10 21 41
24 8 50
22 7 40
19 25 39
8 18 33
1 19 10
22 26 33
30 6 3
19 4 43
3 11 1
7 12 34
9 5 11
28 19 47
8 7 21
6 6 8
30 6 41
23 19 8
5 19 3
19 29 46
14 2 2
5 8 9
8 8 23
18 5 21
27 4 27
29 1 11
11 23 20
11 15 29
28 11 49
12 21 49
29 4 10
18 30 39
26 29 26
30 9 23
23 5 18
29 3 1
3 13 10
5 15 9
25 4 1
25 7 33
23 5 47
23 22 6
21 9 47
19 9 35
21 23 19
10 13 23
30 16 8
4 12 38
14 6 48
4 22 14
7 14 11
5 6 4
2 19 21
28 7 5
2 19 33
2 20 19
27 20 16
4 15 27
17 29 44
26 24 15
12 22 39
2 26 26
27 20 16
1 17 9
5 11 2
23 4 44
2 30 3
17 25 39
6 4 15
21 29 13
6 10 34
26 3 22
21 30 31
19 22 9
30 19 41
14 11 45
17 12 46
1 21 14
21 26 24
10 16 12
22 13 34
17 8 48
8 21 39
10 9 31
21 30 29
11 5 31
27 13 13
13 5 45
23 26 50
28 5 27
9 26 40
14 4 29
22 12 21
20 13 31
2 3 5
10 6 7
13 2 6
27 6 36
1 28 7
22 25 47
28 26 14
9 1 9
20 22 11
12 12 45
13 13 38
5 15 35
23 19 28
24 15 14
22 15 41
14 6 38
3 25 15
16 4 5
3 15 2
15 26 10
10 8 44
29 4 40
23 27 28
10 12 22
3 25 16
16 9 13
15 11 38
9 18 31
3 13 2
11 27 42
22 6 12
16 26 25
7 18 43
25 20 37
18 14 41
26 29 1
8 5 33
15 13 41
17 8 13
3 18 41
7 10 19
18 17 34
24 23 24
19 9 13
25 27 18
17 14 29
18 21 33
12 6 46
2 14 1
26 17 22
17 15 3
27 2 11
10 17 34
25 5 4
29 21 42
17 8 15
25 17 36
7 28 43
24 22 16
18 17 34
22 25 38
26 21 41
17 23 18
22 17 12
5 16 13
29 2 12
13 26 8
10 24 15
12 18 28
20 27 5
13 10 41
21 6 2
13 22 24
30 13 32
22 9 37
26 29 8
7 4 19
26 13 19
12 17 38
20 28 6
6 10 46
16 22 11
9 5 24
2 26 38
4 9 16
12 4 33
30 2 10
26 19 34
16 1 10
15 20 39
11 25 19
8 2 14
10 11 28
3 4 6
30 7 22
19 11 18
15 2 21
6 27 10
10 13 30
21 19 1
30 21 27
10 28 48
3 7 15
23 1 17
16 22 10
9 11 50
28 17 41
11 23 10
20 2 14
21 14 22
3 13 21
9 14 40
8 17 19
26 1 5
9 16 3
28 16 33
20 6 9
12 16 41
1 27 15
24 9 48
28 11 32
30 11 38
21 18 16
11 5 46
2 13 19
14 11 30
6 22 25
6 3 4
29 4 38
22 19 46
21 16 18
25 7 28
12 20 28
7 30 32
24 1 3
26 14 7
5 11 40
12 17 42
3 15 32
13 28 18
30 11 33
20 5 42
19 8 31
6 6 24
20 29 23
16 24 38
14 20 49
3 23 17
16 26 33
3 30 10
30 29 2
4 18 36
15 7 3
7 4 28
29 23 28
21 8 23
18 21 35
18 15 37
4 1 4
18 25 33
30 24 14
21 19 33
9 26 19
3 2 5
3 30 17
30 12 17
13 30 9
29 9 34
15 5 36
19 22 40
13 21 15
6 12 43
1 12 2
1 14 14
5 16 23
24 16 45
20 20 26
20 18 14
13 24 28
20 4 50
29 17 42
23 14 5
28 14 26
27 15 10
20 19 25
13 12 2
17 23 13
12 13 42
15 17 26
23 29 39
14 27 17
25 12 21
10 1 6
27 27 30
6 17 11
23 21 44
16 7 49
29 10 33
12 24 31
27 8 29
8 13 16
26 30 9
28 9 49
14 27 7
5 3 5
7 17 15
13 2 1
11 30 32
13 12 28
23 30 47
2 29 40
29 25 49
29 14 29
7 19 5
25 24 39
30 22 5
16 4 7
9 14 6
2 26 49
19 11 11
6 4 9
27 24 27
25 22 21
15 20 49
9 14 44
28 5 16
2 13 5
8 13 23
6 6 14
6 25 42
28 22 5
19 10 50
25 26 31
7 10 2
16 10 18
1 7 2
16 1 2
5 30 50
29 27 16
10 25 42
2 22 7
18 10 4
28 27 29
28 3 28
10 10 9
27 11 6
10 18 28
28 14 29
27 12 16
24 22 40
15 23 11
19 10 13
2 29 21
2 27 5
11 28 15
30 16 47
17 17 16
4 6 16
12 3 25
9 18 4
8 3 18
21 13 50
13 7 8
15 8 6
19 19 45
25 10 40
11 26 29
29 21 24
8 2 12
20 3 6
16 10 50
3 22 32
14 26 8
24 10 8
29 29 8
16 23 17
25 26 42
5 24 12
29 23 5
16 4 37
13 19 49
12 14 50
24 27 6
3 20 37
20 11 45
17 26 50
23 12 45
16 17 50
7 7 47
14 22 35
22 27 36
10 8 39
12 1 1
9 4 13
15 15 11
12 2 16
1 24 1
15 2 27
6 30 33
27 13 27
13 27 13
18 28 40
28 9 43
5 9 16
23 24 50
13 5 23
20 5 9
30 11 50
27 16 9
29 4 44
15 8 40
27 26 47
17 23 18
29 19 6
6 3 9
27 7 45
20 26 41
20 26 31
29 14 18
7 12 43
12 27 41
21 15 48
20 23 50
27 13 1
12 10 13
13 7 50
17 18 27
18 7 24
20 5 17
30 3 39
12 7 17
2 27 13
9 8 16
1 4 4
3 16 26
15 20 6
26 6 15
3 15 26
18 5 7
25 26 1
5 7 9
11 1 7
23 9 25
20 1 19
30 3 46
19 10 15
6 5 22
10 29 47
12 17 33
18 11 28
10 15 26
9 17 16
26 9 47
20 21 17
10 20 32
7 8 1
1 13 4
15 22 36
21 25 2
15 4 44
4 13 48
29 13 36
25 30 14
13 12 6
9 21 25
22 20 24
22 20 6
19 26 39
6 8 1
17 22 8
30 17 1
19 16 45
24 2 15
29 14 6
25 14 48
1 6 3
15 19 9
2 29 44
3 4 10
27 12 7
25 11 44
27 21 21
11 14 2
17 5 37
12 29 42
12 21 49
30 5 8
8 29 46
4 23 2
7 19 23
23 5 6
18 1 18
28 4 32
1 20 6
17 24 36
1 5 1
19 4 3
26 4 43
24 7 45
17 5 15
29 19 10
14 7 32
12 26 25
23 27 47
30 5 50
5 5 11
22 24 29
14 11 44
18 26 22
22 12 46
29 11 27
18 16 5
21 27 50
28 11 16
24 10 43
5 6 17
20 28 42
30 3 23
6 21 10
17 4 2
3 2 2
21 11 31
15 2 10
4 29 20
12 14 12
24 10 27
10 21 4
4 12 15
16 17 49
7 4 28
18 28 24
1 18 12
14 2 7
23 27 37
12 8 20
3 1 3
22 3 31
15 6 23
3 13 21
11 19 12
23 7 29
28 29 36
13 12 39
30 4 36
6 8 5
18 2 4
8 23 38
19 30 33
11 2 3
19 5 45
23 27 23
1 16 14
19 28 27
29 27 3
14 3 4
29 20 43
14 19 48
23 7 37
7 17 10
3 28 14
9 20 2
14 12 47
17 22 25
23 21 23
25 26 27
26 16 8
29 29 7
16 13 3
24 19 22
3 13 4
9 22 12
10 5 23
27 13 47
3 5 4
27 22 24
24 17 10
23 7 30
19 14 23
14 7 23
17 2 6
17 10 39
28 19 23
12 7 27
18 1 15
6 28 14
12 13 21
3 5 4
22 24 13
16 29 31
21 15 2
8 1 1
16 20 4
20 1 20
6 19 3
26 24 40
22 5 22
4 29 6
22 21 1
16 28 11
17 10 5
10 17 7
5 2 6
18 21 37
29 26 37
11 14 40
20 5 27
3 30 5
21 21 7
23 29 7
24 7 26
30 8 13
29 12 6
16 21 27
12 20 4
18 30 7
10 12 3
28 6 12
14 18 25
13 11 3
9 26 29
6 17 6
20 15 30
6 1 2
12 4 43
5 14 33
4 15 34
28 4 31
22 17 29
28 21 31
10 21 46
20 27 34
7 16 49
6 21 21
18 24 34
18 21 29
10 16 43
5 5 6
6 26 25
16 23 5
6 24 6
13 5 4
6 12 11
6 9 32
28 26 47
2 14 1
2 15 14
17 20 49
12 17 46
8 2 7
25 29 34
2 3 1
5 30 22
15 6 50
8 3 2
17 26 11
15 20 25
29 6 24
9 9 40
14 17 3
4 3 3
18 4 5
28 8 27
19 14 4
18 14 8
5 30 24
5 14 35
20 4 30
15 12 18
27 18 26
1 21 15
4 30 21
30 27 20
26 7 16
19 25 39
7 21 40
12 26 23
6 7 9
5 13 22
12 9 29
20 10 32
7 5 31
28 4 30
9 30 6
4 10 2
4 16 33
3 19 40
8 24 38
16 28 50
19 2 37
18 13 50
29 19 34
1 8 5
22 17 10
28 12 30
11 16 47
15 18 36
6 25 29
3 2 5
13 21 42
1 8 6
12 28 4
27 20 12
15 12 50
25 1 6
6 3 14
2 18 20
9 15 20
10 18 22
30 30 12
13 22 21
16 3 40
21 21 49
12 5 10
11 21 22
14 26 25
9 20 4
14 20 48
14 29 45
15 28 46
28 10 19
10 17 13
19 8 13
17 11 48
19 14 30
12 27 36
16 27 17
21 11 6
19 16 35
25 22 14
23 19 36
11 28 2
24 8 21
18 24 2
17 4 47
7 16 35
14 23 11
10 14 13
17 24 8
23 18 19
19 2 1
24 13 48
15 28 15
28 15 11
21 2 4
27 30 41
21 13 26
3 14 29
26 22 12
3 15 1
24 25 43
24 18 27
22 24 26
18 21 50
8 11 3
24 7 14
16 19 16
1 14 9
21 9 13
4 3 3
5 18 3
29 12 12
27 3 25
22 12 16
23 20 36
26 5 35
11 12 45
17 5 28
19 25 48
13 21 11
13 17 38
15 15 41
26 11 15
23 24 27
18 16 38
23 3 42
19 14 33
4 22 39
23 10 4
21 23 44
13 5 20
22 12 26
13 29 38
27 21 31
23 30 6
30 15 19
3 3 2
18 28 15
6 21 44
11 3 10
6 15 45
25 6 18
12 10 16
1 7 1
21 21 40
19 13 14
19 7 27
2 24 18
6 22 36
11 2 16
9 8 4
3 24 12
30 28 21
17 28 49
17 19 22
17 29 26
22 9 2
8 10 38
14 7 19
1 17 6
21 25 29
16 19 25
17 10 12
20 19 29
28 27 9
11 5 9
6 27 47
30 26 6
17 1 10
17 24 31
18 14 27
19 21 38
13 8 27
26 19 17
6 16 24
5 19 40
15 24 26
12 23 14
9 1 2
13 17 47
3 27 42
1 15 10
18 27 22
15 22 40
13 19 17
8 23 27
8 30 43
25 11 17
8 19 38
14 23 26
12 17 32
16 18 36
10 5 14
3 11 6
14 24 6
2 1 2
9 8 49
1 3 3
7 2 4
6 7 30
22 11 9
3 26 36
21 5 2
4 29 33
1 12 4
16 13 16
15 13 36
14 13 30
14 12 13
3 17 10
7 8 20
27 3 35
4 23 21
15 26 1
7 18 12
14 3 16
30 10 19
7 15 33
16 28 34
18 23 11
19 21 40
8 17 2
14 20 36
16 26 4
16 25 31
19 8 26
5 29 45
3 27 39
5 12 28
11 22 40
11 10 10
2 18 2
26 23 37
11 9 35
14 16 19
27 5 38
12 9 9
28 3 15
6 29 37
3 9 18
15 11 29
24 13 28
12 8 21
10 10 31
4 16 6
14 12 12
24 15 20
2 12 24
6 9 45
14 3 35
5 17 6
14 3 2
1 14 7
3 15 8
13 19 33
1 24 14
22 17 32
14 10 15
7 8 23
21 21 36
6 26 44
1 1 1
30 23 21
6 26 26
5 8 6
28 30 29
15 22 38
17 5 37
21 3 44
26 24 47
3 21 34
18 21 34
14 12 26
6 9 33
21 13 33
8 2 14
19 17 43
16 25 37
14 7 20
28 2 35
16 26 7
29 14 37
4 19 10
1 24 24
24 7 10
16 14 22
7 24 40
12 9 44
20 15 50
1 4 2
27 19 31
13 9 34
19 4 2
20 4 8
7 27 24
7 4 19
30 3 43
9 14 13
4 25 7
5 26 20
30 22 50
21 5 28
24 15 41
8 5 37
15 11 35
28 9 29
8 30 33
20 30 38
25 3 32
21 30 37
13 29 41
14 19 47
24 5 41
14 12 37
22 26 50
27 15 38
27 22 30
21 4 9
28 28 22
29 10 21
18 14 41
20 28 12
26 21 16
16 26 9
25 18 44
14 6 50
3 24 31
22 14 36
11 11 23
2 1 1
14 10 48
16 29 5
7 24 5
24 2 23
22 26 30
15 9 5
6 11 50
27 3 43
4 5 5
17 28 25
1 11 1
20 18 45
15 25 1
21 18 42
1 2 1
12 16 49
28 14 1
7 2 9
29 5 39
23 21 6
10 13 18
6 3 4
22 9 12
24 29 21
5 22 2
25 3 50
23 1 16
16 7 24
10 28 18
9 12 21
26 21 35
24 18 7
1 2 1
24 25 6
4 22 27
16 16 41
5 1 1
29 8 10
2 17 25
1 17 15
13 13 21
8 28 50
26 20 1
23 13 26
18 16 19
26 23 36
6 19 26
9 17 43
18 10 32
16 3 40
3 15 32
25 22 41
5 10 40
15 2 22
12 11 50
30 6 32
26 3 1
13 11 19
8 28 9
19 13 43
8 8 37
2 24 39
22 28 30
2 5 1
15 8 43
14 8 38
6 25 10
8 29 13
26 6 2
16 16 37
8 16 34
7 17 19
27 8 37
18 1 5
10 16 10
12 29 9
11 26 23
12 3 4
24 21 29
26 6 47
2 6 6
7 4 18
5 22 9
23 9 20
15 18 5
15 29 15
13 1 10
28 12 3
11 6 3
29 23 41
17 24 6
20 22 41
9 26 22
20 11 30
9 25 49
5 1 4
29 14 29
11 11 40
4 21 15
8 11 7
18 20 2
25 9 33
5 10 21
6 21 1
15 29 15
25 25 26
3 15 6
11 26 33
1 29 12
17 28 27
26 16 6
27 2 37
12 7 38
22 12 18
4 19 48
10 13 32
17 16 36
7 18 41
29 18 1
25 5 21
2 22 12
27 10 7
15 21 25
12 4 21
29 29 37
6 9 11
29 25 48
7 24 26
9 22 35
10 17 41
30 10 2
27 28 22
25 13 34
30 24 8
8 15 46
26 12 16
18 3 41
18 9 14
5 17 17
9 18 35
2 9 16
23 5 2
16 22 46
30 13 11
9 20 17
16 7 9
2 16 15
12 25 39
7 29 7
15 30 25
10 1 3
5 23 8
28 1 3
3 30 23
24 8 24
20 23 12
20 24 47
22 27 34
2 25 42
29 10 13
13 11 33
5 15 8
24 13 8
4 15 17
18 30 46
21 20 38
22 1 20
1 23 7
4 24 47
27 14 38
20 26 18
4 23 32
11 8 36
10 12 21
16 21 2
13 12 43
11 25 4
16 25 8
17 20 43
5 17 17
2 28 4
1 1 1
23 4 14
18 13 17
20 21 47
22 3 30
4 5 5
9 20 31
6 29 31
19 25 19
7 19 6
20 19 28
18 3 41
1 13 9
9 2 14
7 15 26
17 11 23
21 19 32
11 17 22
13 27 37
1 3 2
8 14 25
8 1 8
18 23 20
3 1 2
8 8 30
16 24 10
28 6 10
21 8 38
13 21 34
29 13 18
25 13 42
1 20 2
18 29 25
9 24 15
24 1 24
23 16 39
24 5 24
5 26 34
25 8 44
18 28 28
28 14 40
29 14 11
22 24 30
16 24 3
3 17 15
18 1 5
27 16 7
2 13 10
7 7 30
10 16 28
10 13 31
29 3 7
30 25 50
21 2 35
13 26 22
19 14 44
11 2 12
8 25 34
29 2 50
12 3 9
29 12 42
22 3 24
20 2 20
19 14 4
3 18 39
26 6 24
20 17 45
21 24 32
26 14 13
7 25 35
3 16 27
4 29 31
30 18 4
11 28 27
24 22 4
25 18 1
8 29 7
15 11 32
16 6 16
10 12 32
6 14 9
14 10 27
24 1 16
19 11 13
27 27 17
30 21 24
23 20 34
9 4 14
11 11 19
18 20 32
11 26 37
20 1 16
18 17 28
26 5 11
30 2 27
26 23 19
1 15 13
4 16 44
17 26 6
27 5 6
18 15 33
15 26 15
12 14 31
10 9 38
2 30 9
28 26 3
6 26 18
25 30 15
18 8 22
14 27 6
21 6 2
15 12 18
9 24 33
12 25 43
19 26 12
19 15 7
11 20 5
10 6 36
24 24 3
25 29 31
22 11 47
4 25 38
11 25 33
15 28 7
27 16 24
8 4 20
7 7 45
1 16 9
8 2 12
30 18 50
3 10 10
19 13 34
16 15 20
29 21 38
27 17 25
13 16 41
12 14 37
1 6 4
17 13 47
18 5 45
17 7 34
26 25 18
21 2 34
2 30 4
19 19 32
6 1 3
26 12 43
22 4 38
25 12 33
22 29 27
28 7 5
13 24 9
2 6 6
27 8 2
20 18 32
13 23 44
21 18 45
5 1 1
25 26 14
27 9 23
25 28 1
29 10 45
27 11 40
18 7 9
1 18 11
24 22 1
17 12 41
14 9 41
6 3 16
9 29 28
3 23 5
4 13 4
20 9 46
11 18 44
10 11 1
18 4 2
10 13 6
20 26 4
1 1 1
28 9 38
26 12 32
12 7 24
16 26 24
13 6 13
17 7 43
29 24 49
3 4 7
10 23 8
25 15 30
12 13 50
19 30 43
10 11 9
5 18 46
8 1 8
20 9 8
13 7 34
23 9 19
15 10 1
2 4 6
3 15 10
12 25 41
25 26 11
5 30 49
11 7 1
14 27 9
23 1 11
18 23 6
16 7 5
29 30 31
26 2 15
5 5 2
5 21 17
7 26 37
5 28 33
17 3 21
15 25 41
12 13 45
9 20 3
15 18 24
25 13 37
12 9 42
23 5 34
21 12 19
27 8 48
2 25 10
24 1 5
17 12 1
23 20 30
6 27 8
1 21 2
28 24 21
21 16 25
4 29 36
5 25 6
2 18 2
24 12 20
2 20 24
14 12 35
23 17 21
12 10 44
6 29 17
16 19 45
30 14 43
18 18 49
5 12 49
24 27 12
5 28 31
20 11 2
25 25 31
17 29 40
30 4 18
29 19 8
13 10 41
17 19 41
15 23 2
23 8 38
26 5 17
26 24 39
30 18 33
20 5 11
11 26 36
30 24 24
7 28 6
19 14 16
19 21 11
22 5 18
29 1 15
17 26 46
15 25 5
30 6 11
12 16 7
28 7 12
23 13 20
20 24 23
6 12 25
6 4 2
5 24 20
17 3 5
14 17 32
20 8 27
1 20 15
29 17 21
20 1 6
1 21 10
26 26 22
10 23 17
29 19 23
18 5 5
25 10 1
26 30 1
24 30 10
8 28 18
21 9 48
8 10 8
18 5 15
9 14 29
18 13 18
20 30 44
24 24 4
6 11 5
26 5 6
27 4 15
14 16 43
2 23 6
1 2 2
18 3 24
26 20 6
15 9 17
9 2 1
4 29 23
20 25 29
5 21 15
9 27 50
21 20 35
5 20 18
14 29 20
7 25 9
4 1 3
1 1 1
5 4 11
19 23 47
8 19 19
14 27 35
5 10 44
19 6 6
27 19 34
28 18 10
27 21 1
25 13 1
17 17 17
29 6 1
5 5 10
23 10 6
30 14 35
25 25 12
10 21 33
16 10 20
15 6 32
15 23 35
8 1 5
4 29 30
6 25 26
5 17 45
1 8 1
