290
585
119
9
409
1
153
121
9
81
170
788
9
33
244
85
1
9
9
4
229
73
101
265
229
235
73
65
17
234
1
409
86
146
325
9
170
9
4
51
104
157
62
298
20
293
229
13
1
73
65
126
4
842
9
146
25
340
325
121
163
61
4
90
102
33
101
196
107
51
104
66
0
450
26
37
121
185
257
94
377
107
145
4
1
1
63
98
115
170
9
105
16
147
125
169
109
206
677
1
99
53
59
14
100
460
50
173
680
239
4
62
442
1
733
1
9
265
138
118
446
485
170
25
33
1
538
200
68
9
26
538
5
370
380
50
17
107
101
82
99
122
16
538
19
82
109
226
97
82
19
206
13
144
362
73
19
625
36
580
121
104
189
580
138
109
19
1
145
1
329
1
234
90
150
62
9
78
131
145
10
626
178
400
36
33
842
34
58
325
333
17
115
101
362
101
110
61
64
33
64
205
51
493
9
260
51
0
9
460
9
293
101
100
1
110
677
16
409
110
121
49
104
36
45
416
98
9
33
210
33
33
169
90
9
73
212
91
9
49
45
1
16
25
5
365
272
401
196
63
1
1
19
409
229
147
19
325
1
185
178
25
25
442
14
144
234
260
256
4
145
197
101
1
380
49
53
101
1
101
842
51
58
209
9
9
401
1
241
5
19
73
51
493
533
290
118
93
51
409
19
121
493
61
33
138
272
1
1
333
1
46
122
19
155
59
4
377
90
585
50
4
785
100
380
234
62
226
576
538
445
197
74
25
25
37
14
9
9
785
257
493
9
325
493
738
1
4
93
9
362
121
229
9
110
450
1
62
580
401
9
904
205
260
595
36
197
0
290
151
165
122
225
226
125
82
59
25
4
58
9
97
9
75
74
197
256
49
585
1
370
126
10
1
131
580
90
80
1
0
5
488
1
265
366
173
131
580
100
160
188
299
75
244
19
577
25
226
197
170
0
229
53
404
73
1
226
65
173
19
493
82
10
100
201
110
54
74
1
626
329
19
785
97
53
52
153
19
577
4
290
1
33
125
680
533
33
530
4
35
580
53
182
362
10
53
16
19
25
1
29
401
9
401
73
343
86
154
0
137
25
577
4
445
51
19
325
4
4
81
580
115
17
90
450
85
41
419
66
170
49
19
170
325
13
145
842
154
33
362
577
488
450
845
409
234
73
308
59
178
275
99
17
178
26
730
13
298
250
226
530
178
73
51
73
41
0
33
488
445
121
365
194
290
50
329
19
206
38
205
29
362
148
4
196
626
401
5
4
305
485
4
49
33
442
51
450
109
9
404
178
16
86
122
65
33
298
333
90
333
9
200
19
4
577
685
81
16
29
488
125
130
409
25
169
9
25
409
73
144
441
9
170
365
325
121
626
37
122
1
289
49
365
370
30
37
104
294
362
1
85
77
405
361
270
1
212
121
677
146
73
169
125
122
380
450
73
370
73
84
65
548
1
109
101
102
169
99
125
73
173
260
216
26
1
10
484
145
1
265
0
325
4
41
89
154
580
298
137
1
58
308
580
58
19
101
1
106
62
125
25
580
9
1
161
9
362
169
10
216
137
66
325
380
85
289
146
409
226
1
116
445
1
90
362
25
65
738
9
0
101
73
9
538
101
21
226
126
4
445
19
0
33
221
485
100
9
100
98
99
209
26
225
33
290
685
733
733
290
121
289
36
730
51
361
160
145
1
0
785
50
134
626
25
197
33
302
730
150
101
226
257
145
442
101
33
50
26
9
85
1
73
365
82
333
37
380
538
302
197
488
138
121
1
86
362
85
45
149
328
9
230
298
110
229
19
33
197
137
51
73
170
1
442
195
226
30
629
401
401
33
265
0
842
50
205
340
33
125
34
585
51
53
36
26
225
93
533
196
251
1
41
365
530
61
293
1
272
34
90
9
100
99
19
362
265
362
16
534
122
0
4
25
125
178
59
19
290
200
260
68
121
1
290
58
26
25
170
173
129
82
122
101
419
19
50
118
205
77
86
234
289
4
170
281
200
110
785
0
19
530
0
110
85
178
380
97
49
90
239
85
40
442
41
73
33
1
99
485
577
33
1
298
16
81
730
197
101
75
36
65
229
1
577
25
250
107
25
170
25
145
49
137
733
9
178
170
58
65
165
113
1
65
68
51
626
90
19
170
1
0
1
1
99
533
226
121
626
33
73
25
1
37
21
90
109
50
74
324
50
33
229
362
64
325
197
785
0
290
503
328
9
81
81
33
409
290
325
146
33
197
265
16
9
1
293
110
73
130
185
153
51
530
212
226
9
146
98
9
226
257
299
1
205
53
144
4
98
53
290
5
122
362
125
61
1
4
125
98
442
65
9
1
148
104
104
170
93
19
290
25
74
82
404
1
115
81
9
533
64
114
86
64
16
19
122
419
677
188
680
19
4
0
333
226
5
49
1
25
4
205
4
178
140
73
40
205
1
738
106
33
325
109
10
86
9
530
229
153
265
49
138
97
165
325
101
10
290
51
169
101
90
37
197
36
73
16
409
4
1
41
293
0
9
400
74
577
34
73
260
110
122
126
293
82
265
19
325
153
380
325
302
4
74
4
677
0
409
201
66
9
126
19
35
73
78
121
51
1
361
530
10
83
197
115
0
101
170
362
104
229
40
35
1
138
340
0
42
4
13
33
185
19
62
125
1
4
170
82
290
145
503
121
677
530
101
298
293
401
85
308
42
362
53
442
36
150
138
548
530
145
1
206
1
179
328
9
308
1
901
147
140
405
109
9
265
148
1
100
229
50
298
37
98
73
362
169
26
26
73
365
260
110
85
9
170
78
97
33
4
169
49
49
145
91
33
256
265
135
0
98
122
160
101
100
61
343
33
325
290
265
100
290
257
89
370
82
101
36
365
738
64
16
78
66
626
10
90
257
46
9
401
80
122
450
126
178
169
178
241
197
145
9
163
16
442
730
5
9
1
40
109
409
9
370
73
0
9
121
109
101
25
16
37
173
534
266
51
488
1
62
9
73
16
65
19
258
33
29
488
4
0
91
10
4
33
145
86
634
185
169
178
145
94
82
226
365
730
36
74
257
52
49
73
59
9
530
130
68
73
457
333
85
154
138
101
146
33
409
226
0
450
234
40
104
4
77
75
107
53
101
36
25
100
51
37
325
102
61
161
485
265
35
256
1
109
1
51
19
33
325
155
25
160
97
29
64
9
90
100
82
257
134
26
370
226
205
275
51
102
90
298
121
100
409
730
142
98
73
125
82
16
49
19
577
19
680
4
9
169
19
9
1
298
101
145
19
380
119
104
197
634
629
229
25
33
340
19
17
89
200
1
142
107
51
126
785
4
33
9
129
229
340
122
65
409
122
16
298
58
33
234
205
400
362
118
298
85
90
49
141
303
40
33
25
580
9
215
122
36
362
129
33
125
41
677
533
160
9
404
110
145
1
170
120
81
33
33
333
1
62
626
401
1
16
442
460
169
64
626
450
484
290
99
119
257
9
73
130
1
145
59
343
9
90
485
33
91
325
126
101
362
784
239
100
1
19
419
85
1
442
0
241
51
234
99
50
29
9
110
51
26
401
10
153
485
36
4
17
170
0
4
1
272
733
33
90
19
362
33
401
178
173
121
50
9
19
580
197
1
46
185
146
0
37
677
205
257
442
73
33
90
577
120
9
450
100
251
85
145
107
144
5
577
256
265
446
1
1
36
93
173
104
51
460
5
530
256
576
81
325
493
9
270
229
74
400
46
1
1
629
0
73
404
51
19
145
90
75
485
65
81
19
293
16
298
215
153
35
85
163
138
234
13
1
117
101
69
51
9
52
1
53
4
13
9
580
493
158
33
9
33
9
298
26
51
85
1
100
484
205
125
577
9
129
9
293
333
19
173
1
135
305
265
298
19
25
98
81
64
122
850
275
4
1
49
36
1
51
38
293
66
257
101
77
229
90
145
64
25
530
493
530
9
95
4
1
577
845
46
19
258
17
63
4
174
503
275
205
157
200
401
49
258
226
51
365
1
533
90
74
733
530
125
530
9
110
25
533
1
9
146
120
25
401
1
85
200
1
33
101
101
626
109
1
126
53
122
125
81
5
533
212
538
730
17
99
140
442
0
81
100
35
343
256
122
1
46
585
90
110
101
404
183
5
215
290
51
9
197
109
325
49
1
365
625
235
370
35
82
130
1
293
51
33
1
35
380
409
196
38
257
109
4
51
377
50
33
51
19
4
95
548
226
493
265
205
26
90
160
221
580
101
4
226
81
629
325
0
81
19
100
51
530
189
25
677
362
90
229
260
530
1
362
842
36
138
0
109
116
19
107
78
0
19
239
333
404
4
19
97
81
1
169
217
51
99
16
89
25
164
145
144
51
29
1
113
362
101
46
442
37
120
201
33
33
269
20
290
400
298
30
173
90
217
333
33
329
226
82
179
290
9
144
19
53
126
91
9
10
793
66
9
1
33
1
265
1
131
9
145
110
73
49
13
9
117
186
163
265
20
29
154
73
197
1
210
65
122
0
1
121
25
161
1
51
676
229
4
16
26
62
51
325
149
442
65
530
17
9
134
302
170
16
442
4
109
1
206
265
293
25
730
64
100
170
409
325
1
82
33
165
63
102
53
16
99
1
235
125
442
107
97
733
738
64
1
1
109
153
4
104
75
1
5
19
4
289
333
122
194
51
488
257
85
730
9
65
293
0
226
9
101
4
81
325
37
577
400
50
19
401
337
19
129
1
275
137
530
33
226
34
200
170
34
36
17
153
68
33
73
685
257
33
9
409
298
51
122
13
85
26
401
19
298
74
257
1
362
215
145
362
485
328
9
9
1
36
93
74
122
265
89
75
98
19
19
370
1
4
1
445
730
275
290
117
419
109
1
685
343
19
538
117
122
234
64
333
170
290
163
69
33
33
25
51
153
65
4
116
585
1
226
25
85
485
51
125
33
64
441
19
265
73
333
25
328
90
4
1
442
81
401
325
170
151
33
1
9
1
333
4
122
730
118
442
151
380
9
533
90
116
185
9
4
46
53
9
404
105
122
257
37
145
1
173
333
151
450
75
226
1
10
37
40
19
325
16
121
146
626
5
1
34
290
101
137
62
197
13
0
580
257
845
298
100
200
634
101
205
298
42
9
109
64
1
51
58
29
9
138
1
1
290
1
1
30
9
65
256
0
0
404
100
142
78
328
64
9
51
14
137
685
19
106
53
36
1
121
275
343
9
53
10
14
130
226
116
33
450
64
5
25
200
1
50
101
153
380
1
733
1
51
100
82
5
51
178
53
585
1
533
137
58
58
66
33
49
109
485
730
65
21
19
685
62
144
0
73
19
257
138
272
109
9
51
265
25
685
404
206
442
19
89
20
1
401
69
178
530
173
164
61
842
19
1
170
94
41
788
1
78
9
154
362
25
178
125
485
113
325
1
33
41
85
65
580
62
222
25
365
95
66
130
122
109
16
9
155
4
1
595
33
62
158
401
14
1
170
33
145
82
51
89
580
105
178
370
626
16
45
9
58
62
4
442
1
25
485
293
100
221
61
85
493
21
33
185
106
9
533
107
62
73
170
329
4
74
73
82
529
65
785
33
153
121
25
46
685
19
64
100
66
4
229
99
503
445
170
9
65
442
116
738
25
1
107
442
4
9
141
530
19
325
144
1
131
409
122
9
299
65
503
122
235
10
42
1
65
9
298
1
4
106
99
121
1
95
409
442
9
164
1
109
680
33
33
4
19
370
362
212
298
585
9
209
9
29
118
793
19
81
370
46
53
257
64
409
45
209
265
293
51
75
73
4
20
258
173
538
26
362
530
1
401
409
117
99
68
16
265
4
626
197
629
9
33
4
73
107
290
4
17
51
445
9
75
14
4
493
170
90
200
37
51
86
26
75
19
485
577
20
0
239
577
685
21
35
145
82
25
20
9
131
205
4
225
4
303
1
19
66
1
362
1
293
4
185
19
19
205
61
51
19
37
113
64
101
0
234
1
4
446
1
205
442
58
73
13
195
130
178
63
409
74
377
362
370
178
4
125
577
25
86
33
201
19
129
183
170
17
626
65
85
160
677
51
9
210
110
197
125
9
9
42
170
65
33
68
86
53
138
98
26
154
73
629
409
1
65
580
244
73
10
9
189
730
380
19
10
165
577
9
401
37
1
122
101
122
842
4
154
21
0
33
577
173
4
534
109
404
1
33
73
1
450
25
51
102
442
9
9
260
275
538
404
226
442
9
185
93
36
493
58
25
5
78
538
13
235
46
130
677
580
53
290
74
109
163
419
205
73
99
9
850
53
25
173
0
244
730
1
101
1
66
404
40
257
293
197
121
16
234
182
140
577
107
325
225
169
234
275
4
226
82
173
266
182
145
53
36
86
65
529
308
226
33
370
19
95
37
503
401
9
74
200
298
51
90
109
130
0
126
99
343
73
81
365
140
409
121
676
257
9
256
533
25
33
146
16
105
93
244
1
161
130
17
788
485
9
145
100
225
130
120
257
788
366
146
36
1
1
170
73
33
197
19
626
51
9
234
26
370
533
850
90
90
73
234
81
785
530
170
74
328
265
538
10
299
83
244
81
98
290
131
485
328
409
73
333
9
52
40
533
118
19
145
36
19
226
290
93
100
733
45
626
1
261
66
197
73
173
74
261
370
50
122
205
685
328
25
328
261
91
4
65
82
169
148
20
205
86
19
9
9
205
401
131
109
362
138
229
26
121
299
91
409
53
81
241
4
370
533
530
4
160
1
33
188
90
53
229
261
14
257
533
239
126
185
19
1
1
0
153
58
9
1
1
442
105
26
19
35
90
130
257
33
64
74
170
4
130
409
442
1
442
275
4
82
75
65
125
298
170
16
257
9
626
130
1
16
685
35
4
9
37
485
185
19
4
73
85
50
362
194
730
169
33
145
101
125
90
226
120
137
212
19
629
104
365
140
244
153
169
101
275
25
78
51
4
9
74
25
19
226
19
235
73
90
58
101
91
64
173
493
9
400
42
261
19
80
90
205
51
98
9
197
298
5
21
9
257
788
16
73
155
298
34
275
36
170
153
1
107
730
58
275
1
49
26
290
19
1
145
1
261
290
10
178
370
1
51
122
81
91
293
19
1
1
0
4
40
90
26
52
328
145
170
53
14
485
144
244
362
117
404
51
197
365
785
362
485
197
118
33
155
325
5
93
9
9
1
135
82
9
0
216
442
785
9
493
343
9
178
33
33
19
9
144
577
33
19
325
229
33
170
109
409
182
1
69
37
19
19
50
121
400
0
130
81
538
4
685
10
370
33
1
485
9
153
257
51
329
33
205
33
577
107
5
51
26
256
19
677
9
25
9
5
33
97
257
1
144
178
51
153
442
265
205
144
29
145
146
33
272
1
9
488
30
121
58
197
9
9
1
1
298
125
109
37
38
90
109
169
14
33
148
733
65
51
5
0
4
215
145
129
1
19
290
163
217
178
450
9
82
42
0
1
34
450
533
442
409
173
99
10
85
4
442
290
9
229
340
99
485
257
33
85
25
148
1
234
845
51
1
17
250
229
51
19
13
200
81
1
530
99
19
409
40
34
19
65
145
200
86
41
65
1
533
9
109
328
138
5
257
85
365
293
0
4
205
1
131
178
400
122
95
100
118
10
325
148
234
261
205
25
34
333
308
265
9
51
34
170
19
53
101
577
197
109
680
4
196
298
146
19
16
1
86
256
10
677
1
205
26
155
49
50
485
4
25
33
258
113
235
109
74
446
164
9
75
298
33
333
99
19
4
442
37
126
409
9
68
380
677
42
216
16
62
225
81
9
73
0
209
370
299
19
145
337
533
9
629
73
73
229
19
64
4
9
170
4
1
42
33
33
9
51
1
419
325
86
33
81
217
19
99
26
51
197
33
160
62
205
730
85
226
81
325
1
333
170
169
51
182
229
61
1
626
58
20
1
275
68
25
370
234
122
101
205
188
626
117
119
63
62
130
493
185
16
29
64
101
1
153
4
75
90
109
366
215
205
65
109
36
74
58
81
1
234
580
64
163
62
19
170
155
170
178
401
25
129
226
144
677
107
730
90
89
733
488
174
36
135
5
145
16
788
153
101
74
109
16
10
51
370
5
457
16
493
78
64
33
51
160
19
78
441
1
5
153
163
485
4
4
33
265
33
225
74
380
1
109
20
86
144
738
82
1
333
161
450
1
20
14
141
85
118
82
362
275
365
9
107
229
145
1
101
265
33
122
51
38
142
173
90
216
362
19
185
36
51
1
117
265
533
629
308
33
733
41
9
46
239
215
81
5
125
25
9
215
196
5
1
73
19
677
169
4
178
685
4
51
229
42
1
677
0
9
4
134
216
53
9
98
9
842
9
585
626
4
626
488
25
109
178
106
95
86
401
86
222
0
25
328
366
377
9
173
41
125
293
343
270
33
16
1
16
90
265
49
65
50
81
1
9
35
325
1
106
19
370
61
51
493
333
1
97
101
4
485
365
130
107
488
130
73
0
538
82
85
1
10
212
0
244
16
16
49
585
144
229
49
442
328
75
170
66
677
68
338
61
17
265
68
1
1
4
63
325
1
234
130
680
585
298
33
125
401
53
4
122
257
113
138
122
101
333
110
145
114
244
1
30
225
86
160
145
493
113
170
409
685
629
85
13
19
4
538
148
109
90
25
293
0
629
229
234
33
50
41
170
1
85
68
1
226
9
173
265
485
290
62
61
1
530
195
85
197
226
19
36
9
90
35
1
170
86
144
10
442
73
445
419
49
36
185
173
189
33
258
5
226
33
100
9
325
29
16
75
140
362
73
488
26
81
294
26
73
634
538
51
95
66
17
153
409
290
530
1
150
19
82
145
42
205
442
1
239
257
629
533
9
99
190
325
19
121
485
1
51
730
163
125
189
33
362
116
533
226
35
10
33
441
205
155
16
409
58
4
337
4
154
340
0
170
86
325
290
178
33
145
99
144
1
738
65
205
26
493
101
182
50
160
485
29
533
9
33
109
26
19
445
9
493
585
21
25
53
101
19
35
229
0
74
126
51
205
362
365
9
51
99
850
62
577
1
36
457
35
110
25
16
1
178
54
677
25
290
785
257
197
370
99
538
4
62
120
118
265
13
65
84
85
101
58
17
178
178
365
4
51
121
85
329
17
13
64
229
51
185
29
362
738
121
230
178
110
98
73
119
404
0
1
1
119
174
109
333
126
380
9
81
19
196
81
135
73
197
40
41
59
0
329
25
33
229
25
42
0
680
4
250
144
9
174
73
197
148
110
104
275
26
577
50
1
98
51
362
25
99
200
34
9
0
9
9
16
145
409
49
129
35
19
634
25
16
1
178
33
119
1
230
626
0
1
121
35
101
85
0
19
733
533
1
343
34
4
450
13
26
65
333
257
265
185
298
0
4
4
122
73
328
19
365
738
325
16
99
113
137
9
65
146
115
35
169
81
275
0
36
74
110
90
126
404
196
366
845
99
1
130
14
51
209
169
298
73
493
19
308
325
400
36
49
82
50
99
370
234
1
40
293
197
195
298
404
90
409
33
51
205
99
225
125
140
577
26
244
86
145
4
19
80
293
1
785
194
100
86
130
1
241
90
626
533
404
98
1
113
73
785
25
229
141
577
109
325
125
9
409
293
109
733
680
19
581
401
84
9
4
9
4
419
64
4
197
148
404
50
35
488
239
125
97
100
9
585
45
197
65
190
146
90
401
730
338
197
51
51
141
530
19
146
484
450
64
73
17
78
178
13
49
493
445
122
197
634
170
58
51
37
0
33
442
17
101
33
49
37
145
183
163
33
577
179
33
26
205
196
33
629
538
144
409
9
105
41
1
148
19
4
269
35
256
86
117
234
234
0
4
83
677
125
730
5
130
105
17
161
19
25
145
25
4
14
122
488
275
36
4
365
1
0
205
17
35
1
215
0
65
25
634
165
19
19
26
119
66
450
634
1
145
9
250
33
109
4
125
404
251
85
234
73
1
30
51
503
62
680
293
400
26
530
9
125
325
1
19
122
275
107
25
234
260
29
785
51
738
118
260
36
401
4
121
299
110
538
419
401
19
409
68
445
51
58
109
19
59
82
25
0
298
212
677
333
404
4
1
419
151
19
265
4
36
53
308
362
370
730
257
4
226
442
1
401
401
293
50
19
86
69
173
33
205
82
58
73
293
144
110
101
9
164
530
101
19
298
442
13
33
122
1
629
195
485
82
585
25
205
113
109
445
212
19
370
9
61
409
19
186
42
196
1
16
9
34
129
529
59
260
170
244
197
102
365
49
178
20
9
1
1
25
121
785
290
577
45
1
51
19
305
29
13
1
81
484
68
226
488
290
9
19
9
33
29
33
538
50
442
17
19
442
450
19
577
1
442
126
107
153
73
49
503
328
122
13
145
1
122
85
40
197
130
73
170
325
101
9
145
33
0
53
293
54
73
1
19
370
65
37
74
52
200
165
98
173
101
1
197
153
370
225
94
222
33
40
19
195
343
78
401
677
109
109
226
419
4
110
178
170
90
785
173
226
122
140
33
445
50
365
260
329
533
1
235
189
370
173
17
533
19
125
173
173
62
122
450
9
677
340
104
121
325
26
343
178
212
785
298
62
66
36
19
442
170
9
626
677
51
290
90
1
125
66
122
42
113
197
173
340
33
0
234
197
733
1
577
49
85
4
130
200
16
634
144
1
10
290
290
4
145
40
10
144
1
4
538
1
0
182
333
629
229
1
19
13
49
90
4
54
75
738
17
595
173
179
35
400
362
530
1
110
533
370
86
145
164
195
41
85
53
49
9
97
178
445
19
25
138
121
10
170
125
325
4
33
226
29
370
169
234
416
234
33
25
33
101
329
197
29
149
533
205
101
173
86
677
200
75
101
130
10
100
365
538
485
235
30
145
530
100
75
0
154
59
101
442
145
109
362
36
298
626
61
51
16
86
4
161
1
173
62
51
145
45
153
101
122
196
122
190
53
275
118
409
101
33
200
51
362
4
365
19
1
19
4
401
1
257
53
58
222
185
189
117
226
75
19
257
126
530
74
9
42
131
90
25
65
82
90
234
90
130
50
66
66
142
0
100
343
65
4
200
401
98
251
1
104
244
25
64
530
0
275
441
9
42
26
290
4
33
442
1
33
400
1
1
685
178
82
125
36
62
81
98
404
534
26
445
460
130
53
163
419
362
185
98
153
21
842
64
328
145
1
165
260
0
33
99
49
51
25
581
298
677
1
33
153
51
110
226
738
144
401
325
329
9
442
485
4
77
51
169
78
257
73
19
36
58
850
343
33
205
34
145
151
680
51
1
333
328
36
173
99
81
146
265
73
153
442
125
107
197
738
788
104
577
577
164
98
229
100
75
533
0
260
101
30
65
36
1
0
86
1
100
129
178
178
163
129
195
226
185
170
1
110
0
41
26
104
450
221
785
51
0
49
33
226
485
1
205
200
122
293
329
9
65
173
51
58
1
362
21
4
365
117
229
33
163
121
1
75
125
65
173
51
42
126
404
533
64
1
73
153
9
226
33
51
290
33
121
36
75
90
178
370
226
90
325
170
1
45
33
16
1
206
401
178
1
45
258
33
125
34
73
729
118
98
101
85
19
51
0
442
205
65
210
109
629
530
91
130
33
234
197
130
164
215
17
170
33
125
909
194
226
265
122
4
9
366
19
5
81
196
149
9
53
442
343
62
377
37
9
229
62
101
101
25
190
488
75
178
50
229
169
401
260
109
9
260
66
419
64
4
173
9
215
442
1
75
626
196
222
145
365
9
16
74
122
75
141
50
161
229
0
16
58
36
64
258
626
58
680
146
9
188
260
25
19
538
91
41
4
58
130
130
49
9
0
333
49
130
94
362
38
95
80
58
41
121
36
401
1
34
173
73
308
685
793
26
185
101
260
17
62
14
144
305
538
33
677
14
19
485
17
450
290
577
212
145
75
226
81
730
580
75
185
82
738
90
186
788
42
5
265
19
226
25
49
209
333
730
0
83
265
144
9
230
17
183
197
0
580
102
290
154
5
205
401
488
53
147
677
442
154
19
293
50
51
530
229
9
59
0
405
269
33
140
265
1
101
5
121
153
1
146
62
74
46
126
4
90
134
170
9
75
86
290
793
65
1
401
9
290
109
19
1
1
4
82
51
0
226
169
1
196
234
50
90
153
290
30
530
215
170
9
205
503
62
118
50
493
45
290
53
51
33
13
1
122
293
113
65
26
365
333
75
793
9
581
51
9
446
36
169
257
275
197
685
4
68
107
197
251
308
9
101
265
109
46
17
121
26
29
680
115
13
366
19
290
186
81
25
419
98
241
216
205
114
626
26
179
1
419
146
33
90
51
226
212
222
404
1
538
265
19
74
195
9
9
225
677
194
158
226
1
733
234
36
1
9
138
290
19
303
9
5
138
170
404
169
125
738
17
409
46
229
1
163
4
548
9
82
33
238
4
85
1
626
9
118
0
86
178
338
73
298
140
51
73
450
445
137
109
222
9
122
33
1
26
78
73
45
91
19
325
170
1
205
1
241
409
530
165
215
16
256
50
119
442
293
272
51
9
178
65
19
82
49
785
46
50
340
485
4
5
150
42
13
626
9
842
197
19
20
275
401
1
14
131
270
185
370
205
33
400
1
370
25
33
25
626
216
298
186
25
365
100
19
113
170
0
308
0
10
163
25
626
229
49
409
101
138
49
33
362
130
49
9
362
153
65
178
10
365
5
257
626
137
85
148
182
328
10
178
58
19
328
148
121
362
485
101
29
4
81
340
113
19
9
205
182
328
257
484
145
90
370
272
298
343
42
42
37
122
13
585
173
9
174
226
380
733
26
64
121
629
260
197
493
45
269
19
178
19
59
1
226
110
100
66
293
78
178
205
16
169
215
84
289
74
130
275
82
20
337
225
33
442
62
34
58
10
244
19
401
16
538
548
40
195
81
126
9
25
33
365
51
1
178
151
485
16
401
16
65
26
217
257
404
4
0
234
1
33
538
65
4
234
37
170
1
370
329
16
629
4
634
4
308
178
101
530
298
85
16
14
626
290
1
178
485
36
485
9
170
325
160
404
1
10
50
170
144
9
99
25
365
9
41
785
73
179
126
178
460
730
206
13
145
107
238
145
82
10
160
404
270
50
595
4
82
328
163
37
234
226
4
26
35
234
17
130
409
51
19
629
99
63
328
1
86
178
69
4
30
145
53
161
74
25
106
366
488
9
122
200
150
533
19
33
69
97
325
1
25
333
17
9
580
442
260
121
1
150
328
45
580
19
147
85
160
401
20
19
1
33
50
9
121
170
257
25
75
33
93
51
120
200
19
98
58
138
450
289
548
170
153
298
73
738
110
533
1
125
1
19
380
265
265
409
73
185
45
135
1
29
183
26
9
33
134
9
1
51
51
91
185
362
1
37
106
14
90
538
38
9
75
260
328
1
577
33
5
9
74
404
90
9
100
1
343
107
1
577
195
16
122
298
293
677
305
229
49
19
66
19
194
548
5
126
275
197
5
325
293
121
842
169
25
5
333
77
109
337
244
148
10
788
493
1
298
33
19
144
9
59
115
80
9
33
241
25
19
4
842
0
450
107
325
488
45
85
142
1
10
85
370
366
45
244
119
1
33
182
405
33
81
1
298
197
16
150
50
230
298
106
185
51
84
445
45
85
200
634
333
275
205
53
445
257
9
19
226
107
25
370
733
9
196
380
101
19
1
370
170
9
909
40
163
0
325
793
485
49
493
185
41
1
153
37
145
17
1
793
485
51
333
485
626
485
10
73
290
19
65
26
493
36
4
100
842
4
20
50
110
577
81
1
0
1
4
19
19
1
163
49
73
9
9
234
100
445
226
225
533
126
229
325
226
577
90
179
441
73
488
9
73
729
730
41
40
169
9
35
529
842
194
25
145
5
58
155
163
299
29
401
17
74
380
206
25
148
9
37
185
577
14
36
0
26
37
73
1
36
125
9
419
138
145
275
100
626
188
1
257
333
145
90
21
19
102
210
404
325
51
33
265
275
205
265
185
170
4
442
1
1
257
170
110
1
0
109
66
1
1
229
81
16
33
493
93
49
19
0
370
116
333
209
677
97
101
125
362
370
281
19
20
130
298
1
9
785
226
328
1
485
489
9
117
73
9
26
51
25
98
1
25
1
141
65
26
119
25
290
100
122
290
677
4
362
33
26
65
677
404
365
122
122
16
234
61
205
173
122
445
109
416
41
34
104
178
20
362
362
1
53
533
90
308
293
0
36
19
110
9
226
36
36
530
19
196
160
19
450
257
9
113
46
1
51
9
101
122
343
9
328
105
65
256
36
200
113
33
116
169
626
17
161
69
33
361
845
73
209
265
299
229
138
131
148
5
485
178
19
293
118
234
33
362
54
4
25
49
343
25
170
33
19
52
37
68
17
325
73
78
365
178
64
170
75
488
205
97
130
50
293
101
37
404
442
404
629
488
299
53
78
738
244
685
73
73
205
1
81
221
50
75
73
533
50
160
625
234
404
33
4
93
51
205
685
4
1
146
1
81
14
503
1
46
153
9
0
238
19
69
62
530
251
1
19
290
362
85
117
4
229
64
293
75
25
41
122
49
64
107
9
197
145
122
51
169
33
229
225
50
33
4
101
401
33
733
1
257
445
51
130
122
325
0
275
200
33
626
229
4
51
160
86
362
441
69
793
178
16
26
1
33
530
81
68
59
328
9
33
178
9
151
362
90
65
104
90
239
51
445
9
215
1
164
205
73
4
275
170
19
33
104
64
154
30
104
45
26
86
17
229
73
82
35
405
205
401
226
226
113
634
225
134
33
257
33
305
299
51
35
73
401
362
9
46
19
53
16
64
16
293
40
90
146
626
73
46
58
305
1
290
10
14
626
324
51
4
1
293
404
129
680
419
290
26
298
121
0
257
33
225
131
109
677
1
328
577
362
362
9
488
1
212
226
26
533
265
37
73
328
196
45
29
200
197
201
1
290
409
125
130
74
137
1
493
82
73
13
100
25
205
105
41
290
205
65
161
51
37
62
81
580
229
290
1
5
9
19
119
17
4
194
626
493
9
82
9
86
19
33
290
629
62
4
85
257
210
130
485
308
197
380
1
0
101
30
109
122
109
1
9
130
419
122
904
34
308
325
118
257
126
1
101
169
0
68
580
185
145
58
17
4
257
333
122
65
33
257
51
131
538
234
51
90
305
49
4
145
298
1
4
161
10
260
69
53
65
101
1
14
205
33
1
74
265
680
150
86
100
445
178
229
185
533
153
117
1
53
1
290
629
81
450
36
493
19
4
65
33
401
121
362
17
626
9
325
370
1
118
362
19
685
404
33
173
117
197
101
150
46
1
333
59
1
257
14
53
4
197
58
260
450
4
9
215
485
680
328
146
370
4
140
62
0
63
377
272
13
73
485
265
1
16
1
9
302
19
105
4
101
51
17
75
183
530
153
401
197
19
485
95
140
36
343
19
51
0
293
74
58
9
290
151
33
9
785
86
73
258
226
51
113
194
126
577
16
409
205
1
73
148
1
73
19
9
51
234
234
185
401
109
101
33
126
164
101
0
154
9
45
51
51
173
325
73
101
257
14
37
170
90
1
333
40
485
485
90
109
64
95
125
530
145
197
9
442
488
182
25
419
626
25
362
36
325
64
36
325
179
35
66
91
10
680
144
100
1
401
205
4
81
121
144
9
200
226
9
1
61
53
29
244
100
485
4
97
109
730
16
101
37
488
1
4
17
4
130
84
14
4
49
101
65
904
9
206
81
50
325
419
21
26
409
40
75
19
10
1
49
1
221
9
365
106
634
154
9
90
121
41
53
19
4
19
104
9
9
257
577
1
25
488
68
33
409
377
229
4
19
9
64
460
145
19
149
5
90
1
33
290
36
409
1
17
121
229
74
125
37
325
125
126
401
99
98
533
793
9
25
205
174
493
298
186
580
36
26
216
4
333
677
197
145
1
257
626
329
19
4
328
188
26
125
265
81
178
51
85
577
577
19
51
40
125
73
163
290
37
0
19
25
85
197
33
1
51
9
272
45
294
538
16
305
146
205
4
265
125
99
80
99
100
36
82
488
1
74
293
595
121
100
65
10
170
9
110
19
51
33
75
290
298
104
538
234
33
36
110
4
62
169
785
134
101
90
19
197
530
140
4
16
577
298
25
163
58
738
302
450
36
36
585
4
51
842
25
9
328
4
19
53
244
1
9
19
51
125
485
113
25
13
16
116
73
151
730
59
409
197
86
460
102
680
33
217
81
225
370
4
10
58
729
229
328
533
530
17
338
98
125
9
195
1
226
122
333
5
361
538
53
1
14
19
51
401
66
63
73
442
298
298
530
419
134
29
53
90
49
51
445
530
404
16
51
100
161
42
4
89
33
53
73
101
197
38
37
4
81
90
17
174
121
122
185
290
9
17
4
9
49
9
16
256
145
73
626
626
325
244
205
62
101
577
126
442
293
41
9
265
365
9
113
34
35
109
122
338
40
1
58
110
82
325
49
101
49
135
419
365
81
485
73
289
82
257
16
36
325
290
78
450
1
21
5
99
122
260
9
1
380
25
122
170
205
153
122
9
200
442
148
260
333
1
303
4
16
41
144
9
1
17
170
36
257
10
9
130
53
170
85
325
4
81
303
73
293
51
100
205
401
0
4
9
5
38
333
0
66
677
26
51
4
155
62
45
170
115
195
64
146
174
785
441
442
122
4
129
257
294
269
290
19
140
401
145
629
145
4
130
580
94
73
1
102
26
205
130
106
19
625
33
1
25
16
221
234
251
530
404
37
65
145
289
121
226
101
226
86
197
33
109
66
179
29
130
9
308
1
78
9
442
73
257
450
9
73
0
19
4
81
121
188
442
51
101
16
16
141
460
409
1
125
401
1
50
485
99
325
65
362
51
302
41
785
226
170
14
46
51
629
290
19
380
117
260
58
1
91
126
738
197
169
290
73
680
234
25
73
485
212
538
1
0
51
153
62
145
677
101
26
324
64
81
65
13
151
9
244
325
107
107
362
298
205
226
74
33
33
1
585
530
20
450
16
75
101
137
38
66
61
53
530
244
19
0
130
1
37
73
4
9
81
1
46
1
154
161
4
153
170
1
226
485
26
49
66
99
100
533
580
144
179
409
196
25
121
178
42
163
160
144
81
73
85
493
14
170
1
5
333
4
189
333
298
293
19
530
101
269
33
29
9
785
298
25
305
51
66
260
145
33
1
229
842
401
40
680
195
4
161
234
14
328
101
401
0
788
19
49
530
343
33
137
626
33
485
145
733
64
909
86
13
4
51
100
19
1
365
145
130
122
85
178
298
442
845
107
9
362
325
90
101
488
153
580
256
401
289
25
197
585
19
577
1
104
298
25
89
337
63
19
169
14
0
50
145
197
244
266
33
298
59
90
4
51
238
205
185
148
226
36
196
362
493
677
9
33
61
9
90
365
5
141
66
17
86
9
49
98
90
62
51
226
75
68
16
1
289
19
178
4
4
488
401
119
493
226
1
33
194
34
46
51
99
131
190
442
4
1
9
1
294
40
145
19
677
117
0
144
37
73
200
140
144
380
25
442
206
680
101
485
97
106
170
163
19
26
81
49
73
25
488
110
173
19
30
110
585
126
488
163
1
785
93
362
25
163
51
62
685
19
4
153
380
90
25
16
62
9
4
1
33
122
51
244
51
90
90
362
49
66
4
145
50
19
235
333
0
409
51
75
170
1
9
1
81
19
33
19
144
229
120
272
19
365
9
9
730
577
4
130
441
52
1
4
165
4
442
90
577
257
298
1
26
26
401
1
197
4
442
53
19
49
81
66
212
362
68
98
50
333
450
365
51
0
145
125
75
65
130
114
86
370
98
1
493
37
33
10
75
38
380
49
40
73
362
26
380
4
30
74
51
33
1
125
134
150
182
26
333
676
94
42
10
19
30
17
75
51
485
126
98
442
119
257
26
36
33
58
26
9
50
9
9
401
33
305
577
169
4
401
1
26
16
9
298
25
442
62
19
450
362
380
146
161
1
445
104
183
64
90
106
450
51
169
25
548
51
106
33
153
188
5
45
4
36
1
503
677
0
401
161
179
25
365
226
238
73
9
25
10
226
90
16
533
119
19
90
141
106
10
138
36
265
99
409
206
677
34
195
73
19
59
289
533
90
626
215
333
62
5
293
226
9
120
26
441
69
298
99
485
289
488
446
293
290
35
4
170
109
160
401
130
37
173
185
110
677
25
178
170
401
49
257
51
4
16
33
4
365
1
234
130
4
110
9
69
125
9
40
100
362
450
126
9
1
257
118
308
122
4
200
9
106
78
1
82
265
45
165
1
117
131
141
325
30
9
130
61
13
33
380
260
49
160
75
1
197
25
164
19
173
121
51
81
36
409
275
217
19
265
19
842
16
50
0
533
74
329
244
0
333
577
370
100
5
19
153
170
98
51
377
178
62
1
0
51
265
404
325
185
33
298
197
200
226
370
145
290
164
229
538
205
153
1
733
41
457
49
121
158
81
64
677
118
197
14
58
5
131
160
548
4
630
215
50
585
485
21
82
9
121
25
585
485
251
107
41
9
74
49
36
485
100
634
50
104
1
1
25
730
129
9
101
738
19
101
122
110
215
148
488
226
109
9
9
130
266
290
16
19
82
9
186
53
65
370
100
134
445
4
9
100
19
197
101
842
265
629
34
530
33
186
169
577
19
146
299
161
281
50
215
488
90
1
33
226
4
1
9
73
178
169
340
107
41
548
51
30
146
257
16
64
685
293
362
9
99
419
409
200
86
165
241
419
170
109
86
298
65
42
9
62
9
64
0
19
226
45
19
34
626
30
1
91
1
19
109
29
126
153
135
113
85
126
401
116
50
1
234
442
16
16
178
626
145
91
404
401
370
37
290
290
265
9
197
212
1
226
4
10
145
121
441
122
51
164
182
29
101
17
74
29
0
16
1
298
1
17
33
99
25
362
75
163
548
25
35
493
121
328
161
130
257
460
125
134
35
409
19
40
17
4
131
4
16
144
109
101
33
289
0
328
1
9
538
77
0
19
53
9
125
78
788
169
16
37
4
90
370
9
25
529
1
370
730
13
419
212
86
53
19
82
161
298
450
634
257
842
170
365
13
85
51
194
13
488
290
74
205
74
4
117
370
66
1
49
153
13
485
261
226
1
257
0
37
580
51
20
442
257
101
101
4
343
685
137
51
14
442
530
66
73
145
265
145
325
101
36
205
122
102
36
225
1
25
51
33
33
298
450
126
404
49
53
328
333
134
29
61
257
36
26
41
53
685
5
4
299
161
9
629
5
51
73
10
290
234
36
106
197
9
25
89
197
197
51
25
33
148
328
1
33
730
63
370
86
149
45
51
102
116
26
33
82
17
33
19
90
281
5
186
365
1
290
153
150
234
62
5
195
1
145
401
169
1
13
4
97
119
901
178
19
460
25
121
205
82
212
221
258
105
109
73
155
205
144
265
122
275
485
365
122
73
325
33
49
197
109
290
333
5
185
225
226
4
738
169
19
485
10
585
333
488
337
65
49
256
1
90
9
26
144
19
148
404
25
146
51
370
170
179
238
130
538
275
9
205
33
101
457
25
163
179
450
530
234
10
325
73
19
73
36
104
1
445
173
66
4
36
4
65
9
785
299
293
293
82
90
59
1
450
265
104
370
730
30
73
677
1
298
201
361
89
362
36
25
229
148
1
194
9
1
328
239
178
89
101
130
90
200
157
265
35
9
197
0
74
0
4
36
122
9
26
33
1
173
178
178
153
19
59
19
33
226
53
19
105
75
275
325
377
65
205
257
261
84
25
9
51
137
100
4
538
98
205
51
81
9
73
9
134
185
73
125
20
144
229
0
45
19
29
10
1
19
178
1
293
109
74
445
73
0
530
62
29
793
244
51
19
581
19
328
163
53
178
4
308
275
59
9
257
210
26
0
53
200
86
107
250
1
370
98
17
16
65
25
19
90
21
25
503
51
238
26
146
102
98
404
19
450
195
221
51
170
503
244
488
25
785
109
206
401
442
257
340
73
19
205
140
1
126
257
50
9
488
82
46
19
25
298
1
333
226
333
1
182
197
9
51
442
104
13
85
577
26
19
1
65
104
90
450
325
1
577
33
275
1
68
9
1
178
114
401
169
265
533
62
107
116
19
19
493
25
4
146
73
10
130
73
194
89
9
488
5
101
90
40
73
37
275
93
59
90
1
100
145
140
13
450
73
4
26
30
97
226
225
1
145
37
538
290
419
95
130
118
1
215
137
33
65
325
98
51
37
225
629
9
121
1
298
257
9
86
148
16
116
265
86
325
51
4
101
234
33
850
41
629
66
98
130
101
730
183
577
101
148
19
85
42
98
4
26
266
170
86
58
9
169
49
234
1
29
1
19
64
401
419
488
4
109
121
29
170
33
343
404
1
1
33
209
401
16
90
109
257
169
122
257
308
42
4
0
33
178
419
9
25
106
73
361
50
365
19
1
4
66
140
365
121
179
1
85
0
328
1
81
257
40
90
183
173
195
1
333
90
0
265
51
51
101
328
206
197
488
257
9
1
257
4
59
110
125
19
625
9
173
212
4
93
4
9
164
9
4
197
9
36
298
445
197
49
9
33
325
130
485
325
65
131
46
116
45
109
1
130
730
445
404
33
130
328
142
1
293
38
9
530
1
16
290
29
234
225
158
115
9
677
36
626
74
197
37
148
98
169
362
226
122
36
577
634
150
33
121
226
260
16
50
1
4
337
19
183
229
445
298
195
170
1
194
25
75
626
4
4
365
1
169
33
153
493
50
170
4
65
328
185
333
1
626
94
626
125
137
58
1
485
165
107
10
97
14
16
121
121
101
17
101
401
0
115
157
65
260
50
99
595
14
101
225
169
380
101
51
0
82
75
100
101
4
19
165
626
51
50
197
1
325
50
850
9
26
42
86
51
9
238
161
82
229
179
107
51
153
64
4
1
145
404
40
1
577
265
16
29
4
148
4
154
298
129
46
265
229
338
38
577
51
122
634
305
33
362
130
308
226
90
42
585
333
38
137
576
50
200
362
42
1
303
226
41
145
53
173
409
61
17
25
14
212
89
1
298
1
1
677
109
370
25
101
677
577
73
117
64
25
102
173
416
577
37
29
33
229
4
0
9
401
86
5
33
409
25
118
409
42
200
58
1
0
25
380
78
215
29
36
365
325
442
170
289
37
25
101
215
626
121
100
73
244
1
33
62
25
1
